1.025 1.0101510731850956 0.007007251343691467
Objective value without penalization is  159.8543509778568
Number of nonzeros in equality constraint Jacobian...:      147
Number of nonzeros in inequality constraint Jacobian.:        0
Number of nonzeros in Lagrangian Hessian.............:        0
Objective value without penalization is  159.85435097785927
Total number of variables............................:      147
Total number of equality constraints.................:        1
Total number of inequality constraints...............:        0
Objective value without penalization is  159.85435097785572
 0. 0. 0. 0. 0. 0. 0. 0. 0. 0. 0. 0. 0. 0. 0. 0. 0. 0. 0. 0. 0. 0. 0. 0.
 0. 0. 0.]
Objective value without penalization is  159.85435097785995
Objective value at iteration  0  is  159.85498670181278
iter    objective    inf_pr   inf_du lg(mu)  ||d||  lg(rg) alpha_du alpha_pr  ls
   0  1.5985499e+02 0.00e+00 3.85e+01   0.0 0.00e+00    -  0.00e+00 0.00e+00   0
  6.93242332e-03  1.31389056e-02  1.91197876e-02  2.48592077e-02
  3.03359614e-02  3.55207176e-02  4.03739063e-02  4.48429706e-02
  4.88594717e-02  5.23364069e-02  5.51647423e-02  5.72109233e-02
  5.83133976e-02  5.82818669e-02  5.68971023e-02  5.39185789e-02
  4.27385905e-02  9.94618304e-03 -5.41049607e-03  8.46444415e-03
  7.40067036e-03  1.41351406e-03  4.98718384e-03  1.26467973e-02
  2.65099392e-02  3.69663679e-02  4.41736322e-02  4.98335317e-02
  5.41939983e-02  5.75208159e-02  6.00527854e-02  6.19898296e-02
  5.65739625e-02  3.67243441e-02  5.86042012e-02  6.64835736e-02
  6.27398363e-02  4.98947064e-02  5.71934117e-02  4.19691466e-02
  6.26128751e-02  6.97523560e-02  7.00402043e-02  7.02299629e-02
  7.03104465e-02  7.02727489e-02  7.01115113e-02  6.98257236e-02
  6.94191933e-02  6.89008701e-02  6.82850869e-02  6.75916735e-02
  6.68453961e-02  6.60752743e-02  6.53139777e-02  6.45969797e-02
  6.39614513e-02  6.34452021e-02  6.30855362e-02  6.29176488e-02
  6.29736489e-02  6.32816582e-02  6.38636250e-02  6.47347801e-02
  6.59023817e-02  6.73652394e-02  6.91125938e-02  7.11234658e-02
  7.33661590e-02  7.57980045e-02  7.83653658e-02  8.10033385e-02
  8.36365812e-02  8.61798239e-02  8.85386207e-02  9.06115878e-02
  9.22918985e-02  9.34705894e-02  9.40390858e-02  9.38939196e-02
  9.29405424e-02  9.10981577e-02  8.83044279e-02  8.45214836e-02
  7.97406652e-02  7.39868460e-02  6.73217509e-02  5.98472739e-02
  4.42445253e-02  1.14359247e-02  1.00124528e-02  1.14636318e-02
  2.99733235e-03  1.90363195e-03 -2.64239064e-05]
Objective value without penalization is  167.19048286657548
  3.46621166e-03  6.56945279e-03  9.55989379e-03  1.24296039e-02
  1.51679807e-02  1.77603588e-02  2.01869531e-02  2.24214853e-02
  2.44297358e-02  2.61682034e-02  2.75823711e-02  2.86054616e-02
  2.91566988e-02  2.91409334e-02  2.84485512e-02  2.69592895e-02
  2.13692953e-02  4.97309152e-03 -2.70524803e-03  4.23222208e-03
  3.70033518e-03  7.06757032e-04  2.49359192e-03  6.32339864e-03
  1.32549696e-02  1.84831839e-02  2.20868161e-02  2.49167659e-02
  2.70969991e-02  2.87604079e-02  3.00263927e-02  3.09949148e-02
  2.82869813e-02  1.83621720e-02  2.93021006e-02  3.32417868e-02
  3.13699182e-02  2.49473532e-02  2.85967059e-02  2.09845733e-02
  3.13064375e-02  3.48761780e-02  3.50201021e-02  3.51149815e-02
  3.51552233e-02  3.51363745e-02  3.50557557e-02  3.49128618e-02
  3.47095967e-02  3.44504350e-02  3.41425434e-02  3.37958367e-02
  3.34226980e-02  3.30376372e-02  3.26569889e-02  3.22984898e-02
  3.19807256e-02  3.17226011e-02  3.15427681e-02  3.14588244e-02
  3.14868244e-02  3.16408291e-02  3.19318125e-02  3.23673900e-02
  3.29511909e-02  3.36826197e-02  3.45562969e-02  3.55617329e-02
  3.66830795e-02  3.78990023e-02  3.91826829e-02  4.05016692e-02
  4.18182906e-02  4.30899119e-02  4.42693104e-02  4.53057939e-02
  4.61459492e-02  4.67352947e-02  4.70195429e-02  4.69469598e-02
  4.64702712e-02  4.55490788e-02  4.41522140e-02  4.22607418e-02
  3.98703326e-02  3.69934230e-02  3.36608754e-02  2.99236369e-02
  2.21222627e-02  5.71796235e-03  5.00622640e-03  5.73181590e-03
  1.49866618e-03  9.51815975e-04 -1.32119532e-05]
Objective value without penalization is  144.79152094178963
  0.00000000e+00  0.00000000e+00]
Objective value without penalization is  144.79152094178943
Objective value at iteration  1  is  145.93003631238085
   1  1.4593004e+02 1.67e-06 1.67e+01 -11.0 3.85e+01    -  1.00e+00 1.95e-03f 10
  1.63625074e-02  2.31494305e-02  2.95982282e-02  3.57004980e-02
  4.14529053e-02  4.68566968e-02  5.19155873e-02  5.66335962e-02
  6.10122589e-02  6.50462122e-02  6.87194827e-02  7.20007950e-02
  7.48389181e-02  7.71582114e-02  7.88535989e-02  7.97867541e-02
  7.97818331e-02  7.86244340e-02  7.60619314e-02  7.18126660e-02
  5.57422125e-02  6.77787481e-03 -1.51655996e-02  1.37799105e-03
  2.82295455e-02  4.47125185e-02  5.50804985e-02  6.34330116e-02
  7.00138477e-02  7.51129454e-02  7.89976807e-02  8.18924168e-02
  7.22405341e-02  3.83223000e-02  7.44317139e-02  8.65293604e-02
  7.91332869e-02  5.70200177e-02  6.81380549e-02  4.56574906e-02
  7.23151167e-02  7.94678766e-02  7.69161093e-02  7.40016790e-02
  7.07462120e-02  6.71795691e-02  6.33406685e-02  5.92774516e-02
  5.50461359e-02  5.07101477e-02  4.63388602e-02  4.20060686e-02
  3.77874676e-02  3.37582197e-02  2.99910034e-02  2.65538115e-02
  2.35078034e-02  2.09058944e-02  1.87914734e-02  1.71968237e-02
  1.61429573e-02  1.56397886e-02  1.56850778e-02  1.62655514e-02
  1.73572858e-02  1.89269328e-02  2.09320875e-02  2.33221279e-02
  2.60389110e-02  2.90175130e-02  3.21868071e-02  3.54693949e-02
  3.87823540e-02  4.20373560e-02  4.51408516e-02  4.79956568e-02
  5.05016562e-02  5.25585789e-02  5.40679452e-02  5.49377261e-02
  5.50860740e-02  5.44467992e-02  5.29745673e-02  5.06519972e-02
  4.74949982e-02  4.35581425e-02  3.89382398e-02  3.37774991e-02
  2.43283171e-02  6.44079432e-03  5.61312229e-03  6.32463004e-03
  1.97681742e-03  1.17044577e-03  3.22317643e-05]
Objective value without penalization is  135.91911475665495
  0.        ]
Objective value without penalization is  135.91911475665506
Objective value at iteration  2  is  139.2501983325559
   2  1.3925020e+02 1.92e-07 1.46e+01 -11.0 6.55e-02    -  1.00e+00 1.00e+00f  1
  1.53429536e-02  2.12671180e-02  2.69727404e-02  3.24600981e-02
  3.77308018e-02  4.27864603e-02  4.76261228e-02  5.22439590e-02
  5.66270734e-02  6.07520386e-02  6.45825030e-02  6.80659103e-02
  7.11301275e-02  7.36802637e-02  7.55944022e-02  7.67204322e-02
  7.68717295e-02  7.58259672e-02  7.33247984e-02  6.90825022e-02
  5.40476902e-02  9.61403174e-03 -1.07765502e-02  5.56354428e-03
  2.07232456e-03 -1.62305776e-03  4.28935027e-03  9.98948812e-03
  3.24028021e-02  4.79412077e-02  5.77660695e-02  6.54553474e-02
  7.12813155e-02  7.55569591e-02  7.85685557e-02  8.05564734e-02
  7.10529425e-02  3.95563495e-02  7.14524788e-02  8.15070195e-02
  7.41216184e-02  5.38867543e-02  6.27373095e-02  4.22194223e-02
  6.47766763e-02  7.02353375e-02  6.72841657e-02  6.40698422e-02
  6.06102317e-02  5.69270730e-02  5.30471949e-02  4.90032802e-02
  4.48340765e-02  4.05843138e-02  3.63044289e-02  3.20499803e-02
  2.78800641e-02  2.38556226e-02  2.00379968e-02  1.64871845e-02
  1.32599810e-02  1.04086191e-02  7.97950216e-03  6.01148237e-03
  4.53536869e-03  3.57363696e-03  3.13886841e-03  3.23415605e-03
  3.85273818e-03  4.97850420e-03  6.58570018e-03  8.63905370e-03
  1.10938631e-02  1.38963426e-02  1.69839504e-02  2.02853104e-02
  2.37209990e-02  2.72039268e-02  3.06396719e-02  3.39282373e-02
  3.69650498e-02  3.96437285e-02  4.18580379e-02  4.35063347e-02
  4.44951716e-02  4.47444901e-02  4.41927819e-02  4.28044705e-02
  4.05759350e-02  3.75420214e-02  3.37811940e-02  2.94209093e-02
  2.12278378e-02  5.68571592e-03  4.97118231e-03  5.58087399e-03
  1.79927233e-03  1.04983558e-03  3.66846325e-05]
Objective value without penalization is  129.95760106903325
Objective value at iteration  3  is  132.45559140434176
   3  1.3245559e+02 4.47e-08 5.85e+00 -11.0 2.36e-02    -  1.00e+00 1.00e+00f  1
  2.23568855e-02  2.76461898e-02  3.27076482e-02  3.75388697e-02
  4.21394709e-02  4.65100113e-02  5.06497441e-02  5.45545020e-02
  5.82145611e-02  6.16112252e-02  6.47143534e-02  6.74789868e-02
  6.98419155e-02  7.17184160e-02  7.29979719e-02  7.35410698e-02
  7.31749351e-02  7.16922208e-02  6.88504423e-02  6.43798967e-02
  4.99540163e-02  8.81710569e-03 -9.75931107e-03  4.45980730e-03
  1.19512908e-03 -6.64299480e-04  6.04404831e-03  1.18093070e-02
  3.37378477e-02  4.83130150e-02  5.71404109e-02  6.38583967e-02
  6.87556901e-02  7.21528441e-02  7.43403124e-02  7.55612655e-02
  6.62509277e-02  3.69493149e-02  6.54855192e-02  7.40466824e-02
  6.69071585e-02  4.84461578e-02  5.58042755e-02  3.73644354e-02
  5.65615405e-02  6.07439164e-02  5.75952106e-02  5.42085677e-02
  5.05966689e-02  4.67766302e-02  4.27712947e-02  3.86099837e-02
  3.43286161e-02  2.99695732e-02  2.55814048e-02  2.12182459e-02
  1.69382686e-02  1.28020426e-02  8.87113522e-03  5.20644984e-03
  1.86642229e-03 -1.09434244e-03 -3.62634189e-03 -5.68696567e-03
  1.36717130e-02  1.75769640e-02  2.14700542e-02  2.52462756e-02
  2.87961825e-02  3.20085840e-02  3.47727560e-02  3.69830112e-02
  3.85424018e-02  3.93677805e-02  3.93947921e-02  3.85848670e-02
  3.69307898e-02  3.44625961e-02  3.12520930e-02  2.74175997e-02
  1.98890118e-02  5.24805970e-03  4.55285934e-03  5.11180184e-03
  1.57426961e-03  9.27663763e-04  2.48132045e-05]
Objective value without penalization is  127.31588357873545
Objective value without penalization is  127.31588357873552
Objective value at iteration  4  is  129.3152977940257
   4  1.2931530e+02 7.18e-08 2.91e+00 -11.0 1.66e-02    -  1.00e+00 1.00e+00f  1
  1.18876074e-02  1.74387865e-02  2.28185669e-02  2.80040553e-02
  3.29755922e-02  3.77176178e-02  4.22179662e-02  4.64680864e-02
  5.04619620e-02  5.41957011e-02  5.76658406e-02  6.08676990e-02
  6.37934991e-02  6.64289425e-02  6.87506436e-02  7.07223820e-02
  7.22912172e-02  7.33836762e-02  7.39007643e-02  7.37140604e-02
  7.26607773e-02  7.05416952e-02  6.71197049e-02  6.21265796e-02
  4.81341899e-02  1.06307040e-02 -6.44824791e-03  6.74652374e-03
  4.26131902e-03  2.25952110e-03  9.91663379e-03  1.79246012e-02
  3.95706430e-02  5.34794513e-02  6.16012547e-02  6.74750301e-02
  7.14277809e-02  7.38077932e-02  7.49276459e-02  7.50489124e-02
  6.55786085e-02  3.82401825e-02  6.26864941e-02  6.90853668e-02
  6.17785194e-02  4.51161137e-02  4.99303825e-02  3.35146747e-02
  4.78621829e-02  4.97751079e-02  4.57553565e-02  4.15444372e-02
  3.71595568e-02  3.26225979e-02  2.79610279e-02  2.32082746e-02
  1.84034829e-02  1.35910957e-02  8.82040992e-03  4.14499165e-03
  1.98787398e-03  6.57437146e-03  1.11641617e-02  1.56464336e-02
  1.99057182e-02  2.38250835e-02  2.72885977e-02  3.01860186e-02
  3.24166005e-02  3.38940521e-02  3.45514257e-02  3.43478705e-02
  3.32739268e-02  3.13570838e-02  2.86659867e-02  2.53149636e-02
  1.84256614e-02  4.74630774e-03  4.05581906e-03  4.54737377e-03
  1.32619728e-03  7.89452140e-04  1.40979095e-05]
Objective value without penalization is  126.1191512301112
Objective value without penalization is  126.1191512301113
Objective value at iteration  5  is  127.81759391142673
   5  1.2781759e+02 6.77e-08 1.37e+00 -11.0 1.83e-02    -  1.00e+00 1.00e+00f  1
  1.90227056e-02  2.48829205e-02  3.05701345e-02  3.60514796e-02
  4.12964026e-02  4.62780771e-02  5.09731211e-02  5.53625356e-02
  5.94311572e-02  6.31679731e-02  6.65649288e-02  6.96157388e-02
  7.23142184e-02  7.46506341e-02  7.66088415e-02  7.81617801e-02
  7.92666272e-02  7.98598049e-02  7.98505866e-02  7.91157534e-02
  7.74933612e-02  7.47794706e-02  7.07256576e-02  6.50450799e-02
  5.02133559e-02  1.18798166e-02 -5.46060702e-03  7.84981323e-03
  5.56208707e-03  4.13146856e-03  1.34319908e-02  2.34299250e-02
  4.70188560e-02  6.17081847e-02  7.00628791e-02  7.59601836e-02
  7.97719642e-02  8.18823747e-02  8.26325115e-02  8.23058805e-02
  7.20891583e-02  4.36089501e-02  6.80935101e-02  7.40129916e-02
  6.60977517e-02  4.90494108e-02  5.28747286e-02  3.59335225e-02
  4.90691353e-02  4.99148771e-02  4.49702455e-02  3.98164893e-02
  3.44827555e-02  2.90043287e-02  2.34226319e-02  1.77847314e-02
  1.21423669e-02  6.55089856e-03  1.06838659e-03 -4.24525101e-03
  1.49961617e-02  1.95019394e-02  2.35482176e-02  2.70183599e-02
  2.98049126e-02  3.18144216e-02  3.29722216e-02  3.32292608e-02
  3.25675210e-02  3.10059719e-02  2.86052847e-02  2.54732538e-02
  1.86619994e-02  4.78054987e-03  4.07995011e-03  4.58080745e-03
  1.29579325e-03  7.77736116e-04  9.26853181e-06]
Objective value without penalization is  125.67475998032648
Objective value without penalization is  125.67475998032644
Objective value at iteration  6  is  127.56847257619202
   6  1.2756847e+02 3.65e-08 3.63e-01 -11.0 1.08e-02    -  1.00e+00 1.00e+00f  1
  2.05236446e-02  2.62150233e-02  3.17200581e-02  3.70076169e-02
  4.20486537e-02  4.68176951e-02  5.12926444e-02  5.54558851e-02
  5.92938832e-02  6.27976711e-02  6.59618234e-02  6.87833753e-02
  7.12602270e-02  7.33874816e-02  7.51545364e-02  7.65404362e-02
  7.75088501e-02  7.80028569e-02  7.79382872e-02  7.71980318e-02
  7.56254475e-02  7.30204838e-02  6.91363572e-02  6.36841190e-02
  4.95655221e-02  1.31691236e-02 -3.72033291e-03  9.94212593e-03
  8.07731127e-03  5.22015893e-03  1.42439646e-02  2.53538510e-02
  4.81893881e-02  6.25207438e-02  7.07751015e-02  7.65864051e-02
  8.03289960e-02  8.23821870e-02  8.30800668e-02  8.26990406e-02
  7.27361072e-02  4.51231636e-02  6.85671239e-02  7.40579154e-02
  6.62355434e-02  4.97223856e-02  5.29200344e-02  3.62982862e-02
  4.84847400e-02  4.88525950e-02  4.36791440e-02  3.82970997e-02
  3.27420068e-02  2.70557789e-02  2.12864054e-02  1.54871812e-02
  9.71550660e-03  4.03161689e-03 -1.50253609e-03 -6.82428630e-03
  1.63193689e-02  2.06806010e-02  2.45656288e-02  2.78650368e-02
  3.04789638e-02  3.23216121e-02  3.33256855e-02  3.34487378e-02
  3.26781174e-02  3.10364581e-02  2.85859400e-02  2.54332469e-02
  1.86201630e-02  4.72520884e-03  4.01599247e-03  4.51763878e-03
  1.25359559e-03  7.59513997e-04  5.92912103e-06]
Objective value without penalization is  125.65337034829764
Objective value without penalization is  125.65337034829761
Objective value at iteration  7  is  127.54116058696006
   7  1.2754116e+02 2.53e-09 3.08e-01 -11.0 2.58e-03    -  1.00e+00 1.00e+00f  1
  7.57207500e-03  1.26276921e-02  1.74736017e-02  2.21038272e-02
  2.65118149e-02  3.06896118e-02  3.46275842e-02  3.83145074e-02
  4.17377451e-02  4.48853248e-02  4.77463562e-02  5.03136287e-02
  5.25845506e-02  5.45633629e-02  5.62616758e-02  5.76984426e-02
  5.88991574e-02  5.98920545e-02  6.07047941e-02  6.13584975e-02
  6.18609718e-02  6.21993893e-02  6.23311269e-02  6.21749380e-02
  6.16011113e-02  6.04225789e-02  5.83846966e-02  5.51577634e-02
  4.72099224e-02  2.68307093e-02  1.28763191e-02  3.17460696e-02
  3.40962851e-02  1.56679705e-02  2.14236798e-02  4.39414643e-02
  5.96435175e-02  7.12411189e-02  7.93866550e-02  8.51793612e-02
  8.90102679e-02  9.12145917e-02  9.20640277e-02  9.17712428e-02
  8.42521165e-02  6.36802903e-02  7.93779880e-02  8.18247303e-02
  7.48230181e-02  6.23303003e-02  6.04294423e-02  4.51707134e-02
  5.07774145e-02  4.74349592e-02  4.00513348e-02  3.23833809e-02
  2.45284893e-02  1.65945193e-02  8.69674245e-03  9.54397335e-04
  1.26501596e-02  1.77498283e-02  2.24808613e-02  2.67574549e-02
  3.05000124e-02  3.36371823e-02  3.61075772e-02  3.78624200e-02
  3.88672675e-02  3.91041510e-02  3.85732370e-02  3.72951995e-02
  3.53120774e-02  3.26886269e-02  2.95124342e-02  2.58944951e-02
  1.87352883e-02  4.34420754e-03  3.51688489e-03  4.01695660e-03
  9.12123713e-04  6.12159644e-04 -2.07026968e-05]
Objective value without penalization is  125.41404788628344
Objective value without penalization is  125.41404788628338
Objective value at iteration  8  is  127.43824188646205
   8  1.2743824e+02 2.74e-07 2.26e-01 -11.0 2.60e-02    -  1.00e+00 1.00e+00f  1
  7.92752578e-03  1.29388634e-02  1.77350707e-02  2.23134165e-02
  2.66719626e-02  3.08085380e-02  3.47201062e-02  3.84023125e-02
  4.18490716e-02  4.50540698e-02  4.80104689e-02  5.07130223e-02
  5.31585414e-02  5.53479382e-02  5.72868073e-02  5.89854958e-02
  6.04587580e-02  6.17224782e-02  6.27909629e-02  6.36715455e-02
  6.43582413e-02  6.48248837e-02  6.50164116e-02  6.48405471e-02
  6.41585008e-02  6.27768259e-02  6.04379816e-02  5.68138228e-02
  4.86866613e-02  2.91692926e-02  1.53169055e-02  3.48923967e-02
  3.80119472e-02  1.77597365e-02  2.34233517e-02  4.80254805e-02
  6.23535682e-02  7.29932841e-02  8.05418185e-02  8.57416001e-02
  8.90344809e-02  9.07815616e-02  9.12653612e-02  9.06994957e-02
  8.40294067e-02  6.64789541e-02  7.90112591e-02  8.04168503e-02
  7.41836960e-02  6.39209750e-02  6.06175893e-02  4.67949340e-02
  5.03548076e-02  4.63624043e-02  3.89983037e-02  3.13266510e-02
  2.34439822e-02  1.54587221e-02  7.48803464e-03 -3.45593040e-04
  1.46355476e-02  2.00706912e-02  2.51303141e-02  2.97208673e-02
  3.37542591e-02  3.71503367e-02  3.98391313e-02  4.17639573e-02
  4.28835661e-02  4.31745079e-02  4.26330012e-02  4.12774134e-02
  3.91491773e-02  3.63142213e-02  3.28632227e-02  2.89125533e-02
  2.09627919e-02  4.80955688e-03  3.87584963e-03  4.44110979e-03
  9.70043278e-04  6.64106937e-04 -2.78906374e-05]
Objective value without penalization is  125.28264741491071
Objective value without penalization is  125.28264741491076
Objective value at iteration  9  is  127.42699491724954
   9  1.2742699e+02 2.86e-09 3.08e-02 -11.0 5.39e-03    -  1.00e+00 1.00e+00f  1
  7.78910024e-03  1.27621627e-02  1.75226746e-02  2.20677573e-02
  2.63954445e-02  3.05036444e-02  3.43894860e-02  3.80488372e-02
  4.14758557e-02  4.46644684e-02  4.76080413e-02  5.03014791e-02
  5.27416781e-02  5.49295711e-02  5.68707190e-02  5.85753975e-02
  6.00582685e-02  6.13351257e-02  6.24201914e-02  6.33207273e-02
  6.40306763e-02  6.45237656e-02  6.47447626e-02  6.46010967e-02
  6.39535128e-02  6.26078594e-02  6.03055786e-02  5.67170967e-02
  4.86340036e-02  2.91784666e-02  1.53400964e-02  3.49123821e-02
  3.80379812e-02  1.77910206e-02  2.34812143e-02  4.81311565e-02
  6.24623980e-02  7.30961443e-02  8.06462977e-02  8.58558327e-02
  8.91676803e-02  9.09428222e-02  9.14630376e-02  9.09408277e-02
  8.43227399e-02  6.68244220e-02  7.94099554e-02  8.08744758e-02
  7.46910099e-02  6.44579903e-02  6.11879203e-02  4.73097992e-02
  5.09979120e-02  4.70584732e-02  3.97008267e-02  3.20232420e-02
  2.41221572e-02  1.61064201e-02  8.09413817e-03  2.09204344e-04
  1.42006643e-02  1.96658344e-02  2.47661748e-02  2.94071399e-02
  3.34990312e-02  3.69595604e-02  3.97162393e-02  4.17096432e-02
  4.28957617e-02  4.32485120e-02  4.27617646e-02  4.14519350e-02
  3.93589723e-02  3.65478117e-02  3.31086183e-02  2.91577334e-02
  2.11533158e-02  4.82772727e-03  3.87830608e-03  4.44711520e-03
  9.52571040e-04  6.57568564e-04 -3.01751436e-05]
Objective value without penalization is  125.28194792845856
Objective value without penalization is  125.28194792845851
Objective value at iteration  10  is  127.42649312776504
  10  1.2742649e+02 1.32e-11 1.99e-02 -11.0 7.03e-04    -  1.00e+00 1.00e+00f  1
  7.75779029e-03  1.26797889e-02  1.73934220e-02  2.18956519e-02
  2.61845596e-02  3.02582636e-02  3.41142090e-02  3.77486183e-02
  4.11559660e-02  4.43304128e-02  4.72654176e-02  4.99558084e-02
  5.23982227e-02  5.45931668e-02  5.65456339e-02  5.82652363e-02
  5.97659203e-02  6.10627795e-02  6.21693815e-02  6.30924277e-02
  6.38254137e-02  6.43417162e-02  6.45858525e-02  6.44650647e-02
  6.38399564e-02  6.25162419e-02  6.02351885e-02  5.66668946e-02
  4.86103517e-02  2.91921932e-02  1.53562794e-02  3.49224343e-02
  3.80502017e-02  1.78177836e-02  2.35304417e-02  4.82108447e-02
  6.24424806e-02  7.29604942e-02  8.04170886e-02  8.55533242e-02
  8.88176161e-02  9.05725873e-02  9.10995792e-02  9.06093817e-02
  8.41274024e-02  6.69345211e-02  7.93713531e-02  8.08623331e-02
  7.48212801e-02  6.47896987e-02  6.15370186e-02  4.77379186e-02
  5.14977154e-02  4.76308129e-02  4.03275314e-02  3.26839213e-02
  2.47952867e-02  1.67703938e-02  8.72834560e-03  7.95019737e-04
  1.38431695e-02  1.93812911e-02  2.45720074e-02  2.93188108e-02
  3.35288286e-02  3.71155423e-02  4.00014736e-02  4.21217841e-02
  4.34270384e-02  4.38860308e-02  4.34881337e-02  4.22461041e-02
  4.01971946e-02  3.74046132e-02  3.39576968e-02  2.99728028e-02
  2.17811696e-02  4.93179604e-03  3.94696950e-03  4.53482352e-03
  9.38727461e-04  6.58416118e-04 -3.49068828e-05]
Objective value without penalization is  125.27651921586441
Objective value without penalization is  125.27651921586433
Objective value at iteration  11  is  127.4261749914058
  11  1.2742617e+02 6.19e-11 4.49e-03 -11.0 1.73e-03    -  1.00e+00 1.00e+00f  1
  7.73349612e-03  1.26390140e-02  1.73389154e-02  2.18304404e-02
  2.61120008e-02  3.01820735e-02  3.40384632e-02  3.76777221e-02
  4.10945930e-02  4.42834088e-02  4.72376732e-02  4.99520939e-02
  5.24229959e-02  5.46503597e-02  5.66384220e-02  5.83957976e-02
  5.99352036e-02  6.12702996e-02  6.24130481e-02  6.33684288e-02
  6.41281570e-02  6.46638439e-02  6.49183304e-02  6.47973647e-02
  6.41603141e-02  6.28120267e-02  6.04933907e-02  5.68748162e-02
  4.87518056e-02  2.92710958e-02  1.54183322e-02  3.49955951e-02
  3.81496935e-02  1.78905459e-02  2.36085064e-02  4.83447146e-02
  6.25427590e-02  7.30328998e-02  8.04624540e-02  8.55635213e-02
  8.87870314e-02  9.04982109e-02  9.09808238e-02  9.04478139e-02
  8.39626436e-02  6.68488469e-02  7.91462496e-02  8.05775493e-02
  7.45488077e-02  6.45883544e-02  6.12933947e-02  4.75751626e-02
  5.12502941e-02  4.73712790e-02  4.00915129e-02  3.24736995e-02
  2.46116067e-02  1.66124514e-02  8.59386233e-03  6.80394951e-04
  1.36469805e-02  1.92399483e-02  2.44925274e-02  2.93067909e-02
  3.35879763e-02  3.72472631e-02  4.02045549e-02  4.23922182e-02
  4.37580158e-02  4.42680912e-02  4.39094941e-02  4.26931469e-02
  4.06550905e-02  3.78580303e-02  3.43915684e-02  3.03731587e-02
  2.20841218e-02  5.01079358e-03  4.01781367e-03  4.61749552e-03
  9.62092961e-04  6.73341454e-04 -3.48842056e-05]
Objective value without penalization is  125.27458494916615
  7.74564321e-03  1.26594014e-02  1.73661687e-02  2.18630461e-02
  2.61482802e-02  3.02201686e-02  3.40763361e-02  3.77131702e-02
  4.11252795e-02  4.43069108e-02  4.72515454e-02  4.99539511e-02
  5.24106093e-02  5.46217633e-02  5.65920279e-02  5.83305169e-02
  5.98505619e-02  6.11665396e-02  6.22912148e-02  6.32304283e-02
  6.39767854e-02  6.45027801e-02  6.47520915e-02  6.46312147e-02
  6.40001353e-02  6.26641343e-02  6.03642896e-02  5.67708554e-02
  4.86810786e-02  2.92316445e-02  1.53873058e-02  3.49590147e-02
  3.80999476e-02  1.78541648e-02  2.35694740e-02  4.82777796e-02
  6.24926198e-02  7.29966970e-02  8.04397713e-02  8.55584228e-02
  8.88023238e-02  9.05353991e-02  9.10402015e-02  9.05285978e-02
  8.40450230e-02  6.68916840e-02  7.92588014e-02  8.07199412e-02
  7.46850439e-02  6.46890265e-02  6.14152067e-02  4.76565406e-02
  5.13740047e-02  4.75010460e-02  4.02095221e-02  3.25788104e-02
  2.47034467e-02  1.66914226e-02  8.66110396e-03  7.37707344e-04
  1.37450750e-02  1.93106197e-02  2.45322674e-02  2.93128009e-02
  3.35584025e-02  3.71814027e-02  4.01030142e-02  4.22570012e-02
  4.35925271e-02  4.40770610e-02  4.36988139e-02  4.24696255e-02
  4.04261426e-02  3.76313217e-02  3.41746326e-02  3.01729808e-02
  2.19326457e-02  4.97129481e-03  3.98239159e-03  4.57615952e-03
  9.50410211e-04  6.65878786e-04 -3.48955442e-05]
Objective value without penalization is  125.2755371871401
Objective value without penalization is  125.27553718714036
Objective value at iteration  12  is  127.42616893531937
  12  1.2742617e+02 3.55e-11 5.56e-03 -11.0 4.59e-04    -  1.00e+00 5.00e-01f  2
  7.69769789e-03  1.26104711e-02  1.73165061e-02  2.18129262e-02
  2.60980262e-02  3.01701717e-02  3.40270692e-02  3.76651946e-02
  4.10792442e-02  4.42635419e-02  4.72116274e-02  4.99182956e-02
  5.23800149e-02  5.45969655e-02  5.65736412e-02  5.83189720e-02
  5.98460429e-02  6.11689308e-02  6.23000578e-02  6.32448980e-02
  6.39956884e-02  6.45245792e-02  6.47749586e-02  6.46531139e-02
  6.40189326e-02  6.26777376e-02  6.03708185e-02  5.67688571e-02
  4.86646330e-02  2.91921754e-02  1.53509797e-02  3.48959807e-02
  3.80286018e-02  1.78290424e-02  2.35484614e-02  4.82203867e-02
  6.24339092e-02  7.29293824e-02  8.03602967e-02  8.54674215e-02
  8.87006153e-02  9.04241100e-02  9.09208008e-02  9.04028995e-02
  8.39195769e-02  6.67781916e-02  7.91327717e-02  8.05931930e-02
  7.45660046e-02  6.45813305e-02  6.13206561e-02  4.75823393e-02
  5.13103294e-02  4.74553142e-02  4.01842907e-02  3.25747336e-02
  2.47205330e-02  1.67290228e-02  8.71793672e-03  8.11915963e-04
  1.37775999e-02  1.93538009e-02  2.45884267e-02  2.93838990e-02
  3.36458852e-02  3.72860614e-02  4.02248725e-02  4.23952433e-02
  4.37454781e-02  4.42422163e-02  4.38729241e-02  4.26488311e-02
  4.06061495e-02  3.78076012e-02  3.43426353e-02  3.03283645e-02
  2.20512101e-02  5.00306051e-03  4.01162696e-03  4.61055979e-03
  9.60167139e-04  6.72164570e-04 -3.49084927e-05]
Objective value without penalization is  125.2754924889997
Objective value at iteration  13  is  127.42616535802291
  13  1.2742617e+02 7.52e-12 4.85e-03 -11.0 1.89e-04    -  1.00e+00 1.00e+00f  1
  7.77045193e-03  1.26841671e-02  1.73902146e-02  2.18857003e-02
  2.61688695e-02  3.02380074e-02  3.40907151e-02  3.77233473e-02
  4.11304776e-02  4.43063243e-02  4.72443580e-02  4.99393643e-02
  5.23878814e-02  5.45902551e-02  5.65512515e-02  5.82801870e-02
  5.97906419e-02  6.10972843e-02  6.22132036e-02  6.31445914e-02
  6.38844238e-02  6.44055763e-02  6.46521119e-02  6.45308980e-02
  6.39022654e-02  6.25717866e-02  6.02807417e-02  5.66994418e-02
  4.86269022e-02  2.91975361e-02  1.53621358e-02  3.49171577e-02
  3.80471565e-02  1.78266120e-02  2.35429602e-02  4.82215565e-02
  6.24492909e-02  7.29603270e-02  8.04072460e-02  8.55314196e-02
  8.87817954e-02  9.05217481e-02  9.10334506e-02  9.05285384e-02
  8.40385048e-02  6.68512012e-02  7.92632596e-02  8.07433831e-02
  7.47029961e-02  6.46793711e-02  6.14308469e-02  4.76514415e-02
  5.14093300e-02  4.75525601e-02  4.02645618e-02  3.26367876e-02
  2.47636755e-02  1.67531448e-02  8.72352555e-03  8.00036818e-04
  1.37864666e-02  1.93535978e-02  2.45773948e-02  2.93606487e-02
  3.36094771e-02  3.72360712e-02  4.01614402e-02  4.23190982e-02
  4.36579402e-02  4.41451725e-02  4.37687772e-02  4.25404171e-02
  4.04966245e-02  3.77003006e-02  3.42409047e-02  3.02353580e-02
  2.19810524e-02  4.98294951e-03  3.99303881e-03  4.58935938e-03
  9.53281169e-04  6.68095713e-04 -3.50307578e-05]
Objective value without penalization is  125.27484377732054
Objective value without penalization is  125.27484377732056
Objective value at iteration  14  is  127.42615944330865
  14  1.2742616e+02 5.94e-12 9.04e-04 -11.0 1.50e-04    -  1.00e+00 1.00e+00f  1
Number of Iterations....: 14
Objective...............:   1.2742615944330865e+02    1.2742615944330865e+02
Dual infeasibility......:   9.0438622624927287e-04    9.0438622624927287e-04
Constraint violation....:   5.9402543647890660e-12    5.9402543647890660e-12
Variable bound violation:   0.0000000000000000e+00    0.0000000000000000e+00
Complementarity.........:   0.0000000000000000e+00    0.0000000000000000e+00
Overall NLP error.......:   9.0438622624927287e-04    9.0438622624927287e-04
Number of objective function evaluations             = 17
Number of objective gradient evaluations             = 15
Number of equality constraint evaluations            = 26
Number of inequality constraint evaluations          = 0
Number of equality constraint Jacobian evaluations   = 15
Number of inequality constraint Jacobian evaluations = 0
Number of Lagrangian Hessian evaluations             = 0
Total seconds in IPOPT                               = 136102.872
EXIT: Optimal Solution Found.
