0.000000000000000000e+00
-5.583248357400112049e-10
-2.475151300426098600e-09
-5.915401499888894885e-09
-1.186818088780310992e-08
-2.206246445737921135e-08
-3.717249026467186320e-08
-5.814310794750736443e-08
-8.690883074851145443e-08
-1.243051838104146301e-07
-1.702583939801497976e-07
-2.258265093381200612e-07
-2.927336287468115125e-07
-3.722888115334253334e-07
-4.653705988740987629e-07
-5.729210796753348897e-07
-6.974793114702021882e-07
-8.426588209613203606e-07
-1.010469080853205666e-06
-1.203230963838593489e-06
-1.426070801120825072e-06
-1.682754701113993810e-06
-1.975368861293107053e-06
-2.309326861821675311e-06
-2.689793368928270754e-06
-3.118509496768255087e-06
-3.600195627521522186e-06
-4.141228204381310174e-06
-4.743981056479307694e-06
-5.412356226720113823e-06
-6.152763179399500691e-06
-6.967736302810668110e-06
-7.860009467626794067e-06
-8.835808842831156858e-06
-9.898635965851772410e-06
-1.105001539473762659e-05
-1.229434673094096898e-05
-1.363587089534801889e-05
-1.507679405976564489e-05
-1.662069926360833433e-05
-1.827177498499897712e-05
-2.003246903102987999e-05
-2.190614145366875508e-05
-2.389695001897352951e-05
-2.600682047600732675e-05
-2.823797531504419905e-05
-3.059376598488931039e-05
-3.307515497266815934e-05
-3.568276370867250267e-05
-3.841897437035823236e-05
-4.128411125606042836e-05
-4.427670772329140317e-05
-4.739714727577511925e-05
-5.064519346762001050e-05
-5.401808426113707953e-05
-5.751421488353802489e-05
-6.113213370772139165e-05
-6.486754678606712176e-05
-6.871697399251900003e-05
-7.267840080803206594e-05
-7.674708964709895059e-05
-8.091780808980286158e-05
-8.518769447650932256e-05
-8.955244697754853307e-05
-9.400605193555914597e-05
-9.854438900044520174e-05
-1.031629271392562773e-04
-1.078550654903655753e-04
-1.126154146156484463e-04
-1.174388682884901491e-04
-1.223185896822570205e-04
-1.272483990777868474e-04
-1.322224736371985622e-04
-1.372335155909038798e-04
-1.422749280591838238e-04
-1.473409008292500978e-04
-1.524240634017594992e-04
-1.575172629211995720e-04
-1.626145779418039776e-04
-1.677091742738852159e-04
-1.727943079006181819e-04
-1.778646295973847419e-04
-1.829143238506630604e-04
-1.879375851399001833e-04
-1.929304568091149872e-04
-1.978890310603084886e-04
-2.028086861315114571e-04
-2.076864265587553891e-04
-2.125201072656336091e-04
-2.173066238581674735e-04
-2.220439590825629627e-04
-2.267315852027729131e-04
-2.313681431353800655e-04
-2.359526902217124063e-04
-2.404860952427854341e-04
-2.449687941979122722e-04
-2.494010580716093223e-04
-2.537847268896953074e-04
-2.581213462292925682e-04
-2.624117824742215306e-04
-2.666582255032482027e-04
-2.708628557491959206e-04
-2.750266507394695721e-04
-2.791514429519898095e-04
-2.832393628930491235e-04
-2.872909219663064635e-04
-2.913066704747810745e-04
-2.952873341716286625e-04
-2.992313337471574149e-04
-3.031359403559166733e-04
-3.069984553974690875e-04
-3.108136340934696874e-04
-3.145739630139530985e-04
-3.182716485103518267e-04
-3.218965682785830543e-04
-3.254357211714100284e-04
-3.288756823998698585e-04
-3.322013420339686523e-04
-3.353943456616729850e-04
-3.384356578469567534e-04
-3.413058139556310040e-04
-3.439828092973974899e-04
-3.464439168650374412e-04
-3.486673224064711367e-04
-3.506303666355016307e-04
-3.523103127421506374e-04
-3.536863966556152289e-04
-3.547383895678741118e-04
-3.554462217229505854e-04
-3.557918886145035905e-04
-3.557582299350269830e-04
-3.553272444503273388e-04
-3.544814308174988864e-04
-3.532030588249444945e-04
-3.514714172427408560e-04
-3.492630638581412073e-04
-3.465517484363760895e-04
-3.433057496106568253e-04
-3.394875687398037577e-04
-3.350546034317139336e-04
-3.299575458335324784e-04
-3.241407951438282729e-04
-3.175447763781633179e-04
-3.101057791929735167e-04
-3.017566398295367129e-04
-2.924301922737689453e-04
-2.820605337388018465e-04
-2.705831549952316230e-04
-2.579375558905922048e-04
-2.440687466659552558e-04
-2.289269053605137553e-04
-2.124690322703532612e-04
-1.946601582731169802e-04
-1.754723542752626938e-04
-1.548855683259907931e-04
-1.328889579754003738e-04
-1.094795438088233167e-04
-8.466174620848516128e-05
-5.844848206799439615e-05
-3.086022350647151538e-05
-1.924150957949839042e-06
2.832481449976535825e-05
5.984417850024846856e-05
9.258405224860791270e-05
1.264853788394474353e-04
1.614793564386934920e-04
1.974877661614429791e-04
2.344214831207642438e-04
2.721798476204393834e-04
3.106520287588762142e-04
3.497172139446767390e-04
3.892447473274429463e-04
4.290961331629122963e-04
4.691261476393823217e-04
5.091832906728393886e-04
5.491120785660538739e-04
5.887547539262906818e-04
6.279516852839082518e-04
6.665437807243021744e-04
7.043754361286384434e-04
7.412956616765654233e-04
7.771602657043037666e-04
8.118350859502720821e-04
8.451972498231529471e-04
8.771362767851080024e-04
9.075561428741488277e-04
9.363755338760570025e-04
9.635274348648522908e-04
9.889601813662220534e-04
1.012637609579049823e-03
1.034538340867637712e-03
1.054656753456891015e-03
1.073003926318899732e-03
1.089607289868407955e-03
1.104511184587703490e-03
1.117777559343527361e-03
1.129485077526649547e-03
1.139728406250253715e-03
1.148617878932430957e-03
1.156277851110118623e-03
1.162845151829342743e-03
1.168467206377222026e-03
1.173300457237276420e-03
1.177511544271781733e-03
1.181275417561590416e-03
1.184771349734136010e-03
1.188183163580940017e-03
1.191697409084566811e-03
1.195497830977148429e-03
1.199762999234020664e-03
1.204663677909135425e-03
1.210356516085320635e-03
1.216981836115880967e-03
1.224666170658307487e-03
1.233521489710696049e-03
1.243640480691629363e-03
1.255092637465485749e-03
1.267922719797432048e-03
1.282150253317249902e-03
1.297769112268395584e-03
1.314747812862596902e-03
1.333029245464895920e-03
1.352529338841649718e-03
1.373140174827366900e-03
1.394734168264864620e-03
1.417159040709707173e-03
1.440234311775046624e-03
1.463757996052089108e-03
1.487506339737481621e-03
1.511229698435898093e-03
1.534659713208136930e-03
1.557511329753790818e-03
1.579480891064538638e-03
1.600260477326705556e-03
1.619547965094684985e-03
1.637045697779955945e-03
1.652473238872270277e-03
1.665577697598219975e-03
1.676127717327505250e-03
1.683921317058378799e-03
1.688799950274050797e-03
1.690642484439339351e-03
1.689365723359164415e-03
1.684940459932400330e-03
1.677389709454657398e-03
1.666781942866868340e-03
1.653241263180852717e-03
1.636944427049877868e-03
1.618105568424540834e-03
1.596979896712757757e-03
1.573863274980291140e-03
1.549072092452058458e-03
1.522937810853047282e-03
1.495812555538172548e-03
1.468057572980839033e-03
1.440035871447897017e-03
1.412122231520627786e-03
1.384698874798357630e-03
1.358141813835246582e-03
1.332824922217804324e-03
1.309118906066185578e-03
1.287374899453932109e-03
1.267921935390592652e-03
1.251069063402508773e-03
1.237092065695803798e-03
1.226229231464710584e-03
1.218688540602836691e-03
1.214638379433862023e-03
1.214198232721507313e-03
1.217445975963158105e-03
1.224413582860062449e-03
1.235074401291796518e-03
1.249346282697559292e-03
1.267089944679732549e-03
1.288097251449852459e-03
1.312097400417679615e-03
1.338767297100046209e-03
1.367728693348759829e-03
1.398557115501362956e-03
1.430798786932011143e-03
1.463972082435088719e-03
1.497573479718988581e-03
1.531094417962598330e-03
1.564023048510639622e-03
1.595843357495046804e-03
1.626050607796253843e-03
1.654159894614471360e-03
1.679704944810695138e-03
1.702250156589008891e-03
1.721403107923475317e-03
1.736815364558907861e-03
1.748191041458854863e-03
1.755297978814703832e-03
1.757963637160768347e-03
1.756072731423610062e-03
1.749573874177691966e-03
1.738475850910484611e-03
1.722842169210031874e-03
1.702797690842845421e-03
1.678530125703043153e-03
1.650285732119214461e-03
1.618374629995521577e-03
1.583173429132428596e-03
1.545117419746026930e-03
1.504697283855705586e-03
1.462456132083138046e-03
1.418977257516243007e-03
1.374875209520366130e-03
1.330790279655571584e-03
1.287374611173498513e-03
1.245281188288155892e-03
1.205161457922339753e-03
1.167655840054215291e-03
1.133381131662045127e-03
1.102925217092992930e-03
1.076836499509697996e-03
1.055607860811514590e-03
1.039668412352663402e-03
1.029374708013550133e-03
1.024997034379124478e-03
1.026714934505451940e-03
1.034617567158458915e-03
1.048698633196218583e-03
1.068857333320063921e-03
1.094905688372342385e-03
1.126568688421994858e-03
1.163485533690823432e-03
1.205218395797759455e-03
1.251255211382836744e-03
1.301009915868068774e-03
1.353831169676948925e-03
1.409009842505010764e-03
1.465784206522037243e-03
1.523354105364542162e-03
1.580895579201326137e-03
1.637569465572005604e-03
1.692535699914966265e-03
1.744968785600524907e-03
1.794064319727358466e-03
1.839048490584065370e-03
1.879191829961195581e-03
1.913814949467996639e-03
1.942296009487097129e-03
1.964086326892285680e-03
1.978719857067210916e-03
1.985820336943218238e-03
1.985115884858654634e-03
1.976448257753754111e-03
1.959775147489010994e-03
1.935177342979911780e-03
1.902861362069751833e-03
1.863151812085242541e-03
1.816488150634476030e-03
1.763423279231771893e-03
1.704613250485337121e-03
1.640808903943470100e-03
1.572852443449216818e-03
1.501666361733624633e-03
1.428239843742998196e-03
1.353619893426689534e-03
1.278896174483651338e-03
1.205180124394469908e-03
1.133589261638914044e-03
1.065230270541713290e-03
1.001177267749389513e-03
9.424558087157982418e-04
8.900300203455205035e-04
8.447857240481886163e-04
8.075179644813697700e-04
7.789239649468311481e-04
7.595914265722768493e-04
7.499863628604790892e-04
7.504462827482060241e-04
7.611711055935590099e-04
7.822131355494684867e-04
8.134740201518356152e-04
8.547028106702478801e-04
9.054933052817931705e-04
9.652892313843186405e-04
1.033392810441496846e-03
1.108970472449805110e-03
1.191063256178495752e-03
1.278601064074090738e-03
1.370413064453372990e-03
1.465240369407466887e-03
1.561753766219633891e-03
1.658568615240646211e-03
1.754260754417963104e-03
1.847389092657227439e-03
1.936517643552506437e-03
2.020236637863228289e-03
2.097188301733309609e-03
2.166090979703671343e-03
2.225758513708027929e-03
2.275121124981646301e-03
2.313244540210862479e-03
2.339342897838156150e-03
2.352791526447075513e-03
2.353139956570513957e-03
2.340120069094356759e-03
2.313653050044625712e-03
2.273856947404574377e-03
2.221049412921196047e-03
2.155746797350947905e-03
2.078662639863818398e-03
1.990701173812602868e-03
1.892945379678106707e-03
1.786643898476657525e-03
1.673194801693709058e-03
1.554125043480436867e-03
1.431070377666766999e-03
1.305755351782440874e-03
1.179970085072307509e-03
1.055546803419508961e-03
9.343371171677157788e-04
8.181860557818324301e-04
7.089044711971148561e-04
6.082426822602779448e-04
5.178623154400560299e-04
4.393071607710571664e-04
3.739777107401570503e-04
3.231074089101648923e-04
2.877393258166536768e-04
2.687078028181965521e-04
2.666240141894316669e-04
2.818622071805939352e-04
3.145501863105166856e-04
3.645642763843518755e-04
4.315245253160535392e-04
5.147929592468822573e-04
6.134775465227718843e-04
7.264383586669450341e-04
8.522973881894841536e-04
9.894551835167790087e-04
1.136110690470064875e-03
1.290283768246817649e-03
1.449843459659554915e-03
1.612538611020072378e-03
1.776028347039307689e-03
1.937915480716247097e-03
2.095781290993107334e-03
2.247218832037509682e-03
2.389867647326271959e-03
2.521449591539093142e-03
2.639802489386971172e-03
2.742913894646783340e-03
2.828955644492843827e-03
2.896315052697088447e-03
2.943623116156968839e-03
2.969781090371662307e-03
2.973981848425257674e-03
2.955725698870823818e-03
2.914833435106668497e-03
2.851454506113253531e-03
2.766069105623391450e-03
2.659487492843809475e-03
2.532845912582295037e-03
2.387596612036631521e-03
2.225494123173164980e-03
2.048578135836877021e-03
1.859150001518373703e-03
1.659744287113272716e-03
1.453097341411782508e-03
1.242110553293967546e-03
1.029808923100923070e-03
8.192984417257761706e-04
6.137215610627880409e-04
4.162103419982187812e-04
2.298404647538199641e-04
5.758603455615151994e-05
-9.772642551100213103e-05
-2.334623604011791780e-04
-3.472210289008524566e-04
-4.368765252703693514e-04
-5.006159935860997248e-04
-5.369728955982313538e-04
-5.448565876082883371e-04
-5.235770121277743758e-04
-4.728621294954940806e-04
-3.928695028365783741e-04
-2.841922937905717373e-04
-1.478577147729932795e-04
1.468076717235381333e-05
2.015561705942910326e-04
4.105072677329946336e-04
6.389037316323657126e-04
8.837756510662442668e-04
1.141849040608506043e-03
1.409587486702108643e-03
1.683237978863205307e-03
1.958881611624000135e-03
2.232489280027911277e-03
2.499979735818592518e-03
2.757279413635582883e-03
3.000384211402278099e-03
3.225420729509634668e-03
3.428705702691042280e-03
3.606804162805594006e-03
3.756584799142776571e-03
3.875271148641237784e-03
3.960489154152325650e-03
4.010310124727353015e-03
4.023287546983854435e-03
3.998488072057384060e-03
3.935516125879994810e-03
3.834530426716654689e-03
3.696252392782384873e-03
3.521966692544525272e-03
3.313513078998150604e-03
3.073269780305619165e-03
2.804129413980848990e-03
2.509467157271889990e-03
2.193101322686539199e-03
1.859247447182396434e-03
1.512465882799429208e-03
1.157602683964923090e-03
7.997248797309462146e-04
4.440507310836821781e-04
9.587509728444048543e-05
-2.395084324573207247e-04
-5.568869412666790008e-04
-8.512085826868846360e-04
-1.117662294894777603e-03
-1.351754437023813121e-03
-1.549381606032709758e-03
-1.706898855542027292e-03
-1.821181493388725333e-03
-1.889679995402644436e-03
-1.910468025650998922e-03
-1.882282102853529175e-03
-1.804552259375609598e-03
-1.677424085748845366e-03
-1.501771081910998652e-03
-1.279196365084339301e-03
-1.012024357222141230e-03
-7.032821683199435474e-04
-3.566700054184502602e-04
2.347848602517730283e-05
4.322455006926405525e-04
8.641883523138715450e-04
1.313407804063586705e-03
1.773624453600009454e-03
2.238263105832093407e-03
2.700544073031285915e-03
3.153579957166214882e-03
3.590477211276799779e-03
4.004440808027663612e-03
4.388879648455715383e-03
4.737511227280385290e-03
5.044463605327206661e-03
5.304372007575050736e-03
5.512468478834848043e-03
5.664663321975534245e-03
5.757616461346120283e-03
5.788797886357903780e-03
5.756537039229200556e-03
5.660060323063353591e-03
5.499516370346820351e-03
5.275989553871905831e-03
4.991501462631818022e-03
4.648999860352016206e-03
4.252335525219487142e-03
3.806226924325650969e-03
3.316212050791727400e-03
2.788587684504729731e-03
2.230336633241627835e-03
1.649042806200636500e-03
1.052794606170530780e-03
4.500779466784156791e-04
-1.503403160298360088e-04
-7.395374586913281562e-04
-1.308566277930421672e-03
-1.848590781316500212e-03
-2.351024231956343191e-03
-2.807666512368000786e-03
-3.210837845580310872e-03
-3.553506506954412589e-03
-3.829407593170033874e-03
-4.033150200752692351e-03
-4.160311598553380341e-03
-4.207516936488473261e-03
-4.172503247253278764e-03
-4.054167836185324988e-03
-3.852601236218080455e-03
-3.569104607428559301e-03
-3.206192219499209677e-03
-2.767579405538073654e-03
-2.258155518639727490e-03
-1.683941866158085356e-03
-1.052034523947000021e-03
-3.705310360070142176e-04
3.515595077430624786e-04
1.104422913565857815e-03
1.877563086967895187e-03
2.659941535566449130e-03
3.440131533985942187e-03
4.206485158904195616e-03
4.947310726672930065e-03
5.651056893814509173e-03
6.306499441516068630e-03
6.902926635297517918e-03
7.430318503100436303e-03
7.879515665734613400e-03
8.242374001576492637e-03
8.511901767094421506e-03
8.682376726566595412e-03
8.749442105645089535e-03
8.710180942613819990e-03
8.563169226616323612e-03
8.308509062733239123e-03
7.947843339146920191e-03
7.484353321549707012e-03
6.922740447067198509e-03
6.269192933892060726e-03
5.531336968938880064e-03
4.718171652784074362e-03
3.839986297251328246e-03
2.908258104892131376e-03
1.935528285700744908e-03
9.352552116412705518e-04
-7.835613927631773974e-05
-1.090548086629308756e-03
-2.086225433849705439e-03
-3.050188382266430433e-03
-3.967378388035854887e-03
-4.823130693281716015e-03
-5.603426255394733900e-03
-6.295135780765789141e-03
-6.886248718079093778e-03
-7.366080585481042664e-03
-7.725453641111273625e-03
-7.956847721401713938e-03
-8.054519641250998049e-03
-8.014591622759656073e-03
-7.835111081989646481e-03
-7.516084904538185806e-03
-7.059491844403931529e-03
-6.469276777120834196e-03
-5.751329457486444897e-03
-4.913448926775895557e-03
-3.965293253388658956e-03
-2.918312415784199768e-03
-1.785660437284472199e-03
-5.820820244280967403e-04
6.762313687227401770e-04
1.971820674235378028e-03
3.286176544280920275e-03
4.599995610846192157e-03
5.893473631273089125e-03
7.146630188229126032e-03
8.339656477810505550e-03
9.453275138154247290e-03
1.046909908314839523e-02
1.136997547865580167e-02
1.214030163410624932e-02
1.276630137151667753e-02
1.323625338529094662e-02
1.354066711880515077e-02
1.367240601191814856e-02
1.362676197969132572e-02
1.340148837279996757e-02
1.299680091805300447e-02
1.241535674770074052e-02
1.166222071906221520e-02
1.074482604505993914e-02
9.672932817473178096e-03
8.458583782791103192e-03
7.116052619859685596e-03
5.661776348274679370e-03
4.114260681957682825e-03
2.493945960927550654e-03
8.230219867554972512e-04
-8.748176737163194504e-04
-2.574687373890737797e-03
-4.250886990351622485e-03
-5.877339282760235886e-03
-7.428074602544885302e-03
-8.877744508401478815e-03
-1.020214129294438367e-02
-1.137869805158984310e-02
-1.238694394470246131e-02
-1.320889246313042796e-02
-1.382934667339872845e-02
-1.423611340981146417e-02
-1.442012749039420748e-02
-1.437549609149108704e-02
-1.409948050744489270e-02
-1.359243688763983257e-02
-1.285773890507646219e-02
-1.190170298749432774e-02
-1.073353121127987482e-02
-9.365279398402754155e-03
-7.811848853459145078e-03
-6.090990651081274951e-03
-4.223303256083226105e-03
-2.232198401107314371e-03
-1.438072884036681082e-04
2.013199636015323112e-03
4.207901003029443886e-03
6.407534402393830382e-03
8.578030417700558546e-03
1.068466086410175403e-02
1.269277848899548998e-02
1.456861336294114698e-02
1.628008129481241933e-02
1.779755375102431633e-02
1.909453849819807772e-02
2.014822659748315148e-02
2.093987455184159741e-02
2.145500872227561542e-02
2.168345972879727468e-02
2.161925406881536060e-02
2.126040527594814586e-02
2.060865537920485852e-02
1.966921845259070323e-02
1.845057189062370914e-02
1.696432877057470895e-02
1.522520797058284081e-02
1.325109947846511531e-02
1.106320268145174861e-02
8.686197962178107690e-03
6.148399247586544721e-03
3.481829270481870929e-03
7.221611665609257774e-04
-2.091520729595540157e-03
-4.917173049943311149e-03
-7.710472107975030291e-03
-1.042571196195560268e-02
-1.301689199883362263e-02
-1.543894023551771466e-02
-1.764899493143928105e-02
-1.960764775803254187e-02
-2.128004284942632690e-02
-2.263673351706524048e-02
-2.365422435447893379e-02
-2.431516766644810368e-02
-2.460823159566641674e-02
-2.452770240930633380e-02
-2.407291613071662478e-02
-2.324763052610457834e-02
-2.205944712779877789e-02
-2.051937711729768035e-02
-1.864161825580900461e-02
-1.644357574823399407e-02
-1.394612051442452837e-02
-1.117403728241420438e-02
-8.156577339135238913e-03
-4.928003241384513317e-03
-1.528001723048918016e-03
1.998150465247494796e-03
5.599757597447260413e-03
9.221268045152998874e-03
1.280324963545555542e-02
1.628376676151026617e-02
1.960011829244215700e-02
2.269085667944951284e-02
2.549795713833771793e-02
2.796894918738543692e-02
3.005878259403108738e-02
3.173120147233506050e-02
3.295945784685560404e-02
3.372630093334128693e-02
3.402330154294783138e-02
3.384967663517871039e-02
3.321084181267326685e-02
3.211693364839314502e-02
3.058151982141773736e-02
2.862066967731990291e-02
2.625250287903457130e-02
2.349727232040444216e-02
2.037796736038732098e-02
1.692134491494277221e-02
1.315921793112215243e-02
9.129772247773393357e-03
4.878666031555971630e-03
4.597025398700578763e-04
-4.065055045968860373e-03
-8.625775339779045633e-03
-1.314596078282143261e-02
-1.754417146898675298e-02
-2.173640799383763644e-02
-2.563916571807651340e-02
-2.917304521974721856e-02
-3.226658960338785187e-02
-3.485981376914758234e-02
-3.690681767024177329e-02
-3.837700680278607890e-02
-3.925474528893569542e-02
-3.953761819172608993e-02
-3.923374511905390605e-02
-3.835869430160233212e-02
-3.693250894270168339e-02
-3.497724291522859991e-02
-3.251527907506002874e-02
-2.956860354518984352e-02
-2.615912395887593639e-02
-2.231001601795531628e-02
-1.804793570863080440e-02
-1.340575377810315078e-02
-8.425310325288851501e-03
-3.159637913324693081e-03
2.325769846227063783e-03
7.952782321665083712e-03
1.363139196567046685e-02
1.926115519122443068e-02
2.473325834715861191e-02
2.993351482105196734e-02
3.474678983313655295e-02
3.906307390502800070e-02
4.278468884014707818e-02
4.583328768266348163e-02
4.815493711514058639e-02
4.972195955342741114e-02
5.053119964310791301e-02
5.059943476022962794e-02
4.995726329402919164e-02
4.864282183116487579e-02
4.669630443970350375e-02
4.415580483760130764e-02
4.105469605046881132e-02
3.742065209164997797e-02
3.327641094769456798e-02
2.864231992055326498e-02
2.354046955469402472e-02
1.799980761499548818e-02
1.206118271859591730e-02
5.781085031523299639e-03
-7.667781328463787235e-04
-7.491990301027589595e-03
-1.428892024958334887e-02
-2.103786462855594674e-02
-2.760551950729195694e-02
-3.384621233507898591e-02
-3.960643579437073819e-02
-4.473449352321042655e-02
-4.909451734209022145e-02
-5.258120749241617514e-02
-5.513038283192967653e-02
-5.672183996829522484e-02
-5.737423374244471352e-02
-5.713458718304326861e-02
-5.606605725878541224e-02
-5.423681751350706987e-02
-5.171150146980608986e-02
-4.854550900408202002e-02
-4.478191081896145537e-02
-4.045067173046056758e-02
-3.557026283709691789e-02
-3.015201457196266602e-02
-2.420730173931694845e-02
-1.775672484062144202e-02
-1.083922050488520493e-02
-3.518242549690671437e-03
4.117235077752953720e-03
1.195664253405655936e-02
1.987317949815463683e-02
2.772592961468273859e-02
3.535686600634211502e-02
4.258644199301355598e-02
4.921545168216278493e-02
5.503940085595276227e-02
5.987462009422946790e-02
6.358710031309357247e-02
6.611169717632477127e-02
6.745399698482691664e-02
6.767630718340617024e-02
6.687581500916835175e-02
6.516319061911082788e-02
6.264612640086819617e-02
5.941872794328418445e-02
5.555586688327931316e-02
5.111092746450427576e-02
4.611564392694095238e-02
4.058212410544301263e-02
3.450857288279149393e-02
2.788993997656923421e-02
2.073253982965549830e-02
1.306899279241689228e-02
4.967951983275203411e-03
-3.466440901886564448e-03
-1.210560299077448852e-02
-2.081037618024864089e-02
-2.943583810237935736e-02
-3.782108850220140817e-02
-4.577159246753826488e-02
-5.305203743949016976e-02
-5.940491348143681766e-02
-6.459401471637651881e-02
-6.845379060221465362e-02
-7.091954712323296495e-02
-7.202553494948300827e-02
-7.187769616402378547e-02
-7.061864117692084886e-02
-6.839854924309711481e-02
-6.535587360875595719e-02
-6.160631299173127684e-02
-5.723802910718197440e-02
-5.231053500420058261e-02
-4.685420616231924379e-02
-4.087057404060104315e-02
-3.433805645433733039e-02
-2.722719251826351619e-02
-1.952359627416015361e-02
-1.125163476525477095e-02
-2.489721006079047283e-03
6.631690941409253484e-03
1.595168313013165320e-02
2.530752140308960632e-02
3.454746606211035742e-02
4.351369026695989239e-02
5.200659085173967716e-02
5.976300099173048608e-02
6.647729286782284863e-02
7.186491068026988616e-02
7.573505092245144676e-02
7.803109369846661370e-02
7.882121038206661712e-02
7.825499501792733403e-02
7.651605958515951544e-02
7.378910313385220188e-02
7.024127173845912120e-02
6.601135016689667345e-02
6.120483641209820830e-02
5.589308838598520263e-02
5.011105386147133439e-02
4.385346092224645664e-02
3.707944269892320815e-02
2.973380891897137515e-02
2.177983955201912014e-02
1.323049694272553610e-02
4.167286040307388584e-03
-5.262362793331356800e-03
-1.487393877999063606e-02
-2.448745791133658672e-02
-3.395088663782038635e-02
-4.312197269755223966e-02
-5.181838166339405166e-02
-5.977944159686025827e-02
-6.668277867117604341e-02
-7.221846833659702203e-02
-7.617681500310316545e-02
-7.849596805219530293e-02
-7.924902789327316344e-02
-7.859323928738443099e-02
-7.671919775478248937e-02
-7.382070026021952946e-02
-7.007941016558291714e-02
-6.565190895104595914e-02
-6.066016385380825632e-02
-5.518894115978206782e-02
-4.928162581624910554e-02
-4.293053811063989728e-02
-3.607759410524941091e-02
-2.864101471722181602e-02
-2.055963417034267077e-02
-1.183203222171965233e-02
-2.537534737480662619e-03
7.166473178202353508e-03
1.707606804071437959e-02
2.698902013049183160e-02
3.673650067980634842e-02
4.616962700998887559e-02
5.510532403324185091e-02
6.327754600771066940e-02
7.034905582209734221e-02
7.599287643568908290e-02
7.999138971071917403e-02
8.228681460750685017e-02
8.296162651297078749e-02
8.218120154702658609e-02
8.014288044882797446e-02
7.705025365434665929e-02
7.310093787364142781e-02
6.847053045921008829e-02
6.329733451215616147e-02
5.767858022704714510e-02
5.166740794965812150e-02
4.526044759386826932e-02
3.839457298104410193e-02
3.097548668333867036e-02
2.292856428638510510e-02
1.424107096808688473e-02
4.981524680052975933e-03
-4.702126605861545877e-03
-1.460880423420081974e-02
-2.452870353554007996e-02
-3.427886180756913037e-02
-4.370230594003662178e-02
-5.262542146343796717e-02
-6.080671337794898296e-02
-6.793292840611243888e-02
-7.368608215573545228e-02
-7.784064555481261249e-02
-8.032115846900952927e-02
-8.118889686730594579e-02
-8.058800010712903472e-02
-7.869818646392517936e-02
-7.571305140270627454e-02
-7.183033272335113961e-02
-6.723327010176320673e-02
-6.206893558299979297e-02
-5.644268232931098223e-02
-5.041889982840319639e-02
-4.400776971481955985e-02
-3.715375372254699909e-02
-2.975827442446439541e-02
-2.173349358202962545e-02
-1.305084123215938079e-02
-3.763778206140276465e-03
5.991197673056052921e-03
1.601660689388047232e-02
2.609570716956578773e-02
3.602914190088431223e-02
4.564054956958719239e-02
5.474268517964298725e-02
6.308793129041116721e-02
7.035756225703487798e-02
7.622420691737363807e-02
8.045433844320651340e-02
8.297348549802051332e-02
8.385154956986275165e-02
8.324101622899061914e-02
8.132549390838512970e-02
7.830012612518420789e-02
7.436579282097391386e-02
6.971159185237443823e-02
6.449044855397108311e-02
5.881194742818034865e-02
5.274625252377970752e-02
4.631341923369723668e-02
3.946829426404493274e-02
3.211731538385868834e-02
2.417072423663451167e-02
1.559327347293079473e-02
6.427788544527631570e-03
-3.203608669350672695e-03
-1.311775890796742366e-02
-2.310657569832831257e-02
-3.297054190609682855e-02
-4.252733270354756151e-02
-5.158866165721264635e-02
-5.992035645977387276e-02
-6.722658538437455145e-02
-7.319471115580619691e-02
-7.758642343678040509e-02
-8.030893874189094783e-02
-8.141277146309210122e-02
-8.103466977666180793e-02
-7.934412993316530827e-02
-7.652283410313621970e-02
-7.276164511286441205e-02
-6.824571814337819509e-02
-6.312793588943890755e-02
-5.751844858965110552e-02
-5.149106683527157613e-02
-4.507646699910047156e-02
-3.824315195280721807e-02
-3.090527758381747536e-02
-2.297108064374512454e-02
-1.439739605610576394e-02
-5.218254044714033986e-03
4.451386364384756628e-03
1.443226045420619753e-02
2.451661073590938669e-02
3.450294061569127158e-02
4.420485307664070995e-02
5.342729386307271122e-02
6.192648961127553142e-02
6.939374869354832109e-02
7.550045122056350810e-02
7.999326393540430458e-02
8.277312232321100416e-02
8.389720285963232771e-02
8.351676756150411274e-02
8.181401705492699628e-02
7.897651256579506229e-02
7.519664395986742911e-02
7.066171493352925437e-02
6.552851259534253625e-02
5.991000860296422093e-02
5.388101022184507011e-02
4.747470744373417234e-02
4.066524331126259578e-02
3.337223410224510883e-02
2.550572270948380654e-02
1.702117723741284477e-02
7.949528259684085843e-03
-1.599900258765224112e-03
-1.145658884813518900e-02
-2.142309087628136918e-02
-3.130762725311527633e-02
-4.093128339870836380e-02
-5.010516795815593560e-02
-5.859449845471498969e-02
-6.610383081693559093e-02
-7.231467066282802614e-02
-7.697023937737076937e-02
-7.995386701260458195e-02
-8.130124278156275475e-02
-8.114729763743745716e-02
-7.966372108685977615e-02
-7.702975797788948198e-02
-7.343078816904756445e-02
-6.905091658778253483e-02
-6.404761448468519747e-02
-5.853472699838048465e-02
-5.258684470310886344e-02
-4.623909801295326971e-02
-3.947098185034540047e-02
-3.220667201441135968e-02
-2.435575830507148015e-02
-1.586909638336858261e-02
-6.772606748689851894e-03
2.827139366115831443e-03
1.275899748503287259e-02
2.282193305651748078e-02
3.282031389842075125e-02
4.257366632971249648e-02
5.189290230051649133e-02
6.054029216114702183e-02
6.821116114650024875e-02
7.457193621897054148e-02
7.934924424991054992e-02
8.241454837912157161e-02
8.380144463222034823e-02
8.365267982822487125e-02
8.215255504082109861e-02
7.949146457966668744e-02
7.586192350309094168e-02
7.145315900030134448e-02
6.642804507682585624e-02
6.090520226523497838e-02
5.496152789105687025e-02
4.863302109988965061e-02
4.190105486868616474e-02
3.469232438619333087e-02
2.691681759575557942e-02
1.852255139829496813e-02
9.530527606476945496e-03
4.160907492455270801e-05
-9.778452593764209652e-03
-1.973284554184065800e-02
-2.962984950581907043e-02
-3.929507670740713804e-02
-4.855004110111562493e-02
-5.717266398140503220e-02
-6.487561397481680925e-02
-7.133640722549942914e-02
-7.627824103196534367e-02
-7.955405736712872766e-02
-8.117280616939391569e-02
-8.125647564327656558e-02
-7.997612075593507619e-02
-7.751434853225894206e-02
-7.405883359330721338e-02
-6.979719524265445840e-02
-6.489421466718234277e-02
-5.947166978393488013e-02
-5.360926876215930253e-02
-4.734663754880917563e-02
-4.066975080426784434e-02
-3.350759469737443763e-02
-2.576701029283371899e-02
-1.738835951053996701e-02
-8.384247417367743718e-03
1.149999010497368456e-03
1.104879713860286786e-02
2.110964048343780264e-02
3.113205872377151559e-02
4.093453852919466673e-02
5.033557688093058535e-02
5.911161712139900715e-02
6.696996245838490736e-02
7.357659295329162241e-02
7.864046661191520515e-02
8.200366815805150422e-02
8.367203191806386886e-02
8.377233724848676122e-02
8.248483432776484991e-02
8.000132061932084537e-02
7.651621475328355959e-02
7.222225862760185688e-02
6.728964831170576588e-02
6.184581949841040649e-02
5.597513172870083320e-02
4.972100092633379570e-02
4.307326908838429724e-02
3.596404237716795127e-02
2.830029200819989682e-02
2.001869431366501764e-02
1.112531810666977580e-02
1.707404939750589235e-03
-8.077139015618873055e-03
-1.803080637755685028e-02
-2.795524107877934636e-02
-3.767113628060394376e-02
-4.700404956512466842e-02
-5.574539970283697021e-02
-6.362224342556409284e-02
-7.031528832908343074e-02
-7.553334159102531586e-02
-7.910223839763719234e-02
-8.100397103259104892e-02
-8.134360188329513297e-02
-8.028571322355532169e-02
-7.801146927769544992e-02
-7.470810771477712220e-02
-7.056520323113593673e-02
-6.575421326131067334e-02
-6.040603744589215923e-02
-5.460897307146334034e-02
-4.841198520585426879e-02
-4.181201903674361398e-02
-3.474577422433598739e-02
-2.711833892087663414e-02
-1.885877820489256784e-02
-9.963876717862064913e-03
-5.135327911478913690e-04
9.337259347730641687e-03
1.938835013013381556e-02
2.943471990590508860e-02
3.928972144363952063e-02
4.877341104826111301e-02
5.767286657929309585e-02
6.570833499548628387e-02
7.254891062791488099e-02
7.788957998250191361e-02
8.154607265802819860e-02
8.349841006085993722e-02
8.385738370639250761e-02
8.279675064808331153e-02
8.050600231759860725e-02
7.717809352267354650e-02
7.300686051832322443e-02
6.816847581214381668e-02
6.279891086831314306e-02
5.699061194202542646e-02
5.079609941797767758e-02
4.421659898345190604e-02
3.719316915800466999e-02
2.963280963081446964e-02
2.146275652475683471e-02
1.267484035591026278e-02
3.341511544224611257e-03
-6.391036304871725200e-03
-1.633027403968752636e-02
-2.627583102593078826e-02
-3.604375090071557097e-02
-4.545868450808120131e-02
-5.431885721643835846e-02
-6.236242148845561745e-02
-6.927513889707420658e-02
-7.475593830452824384e-02
-7.860749900157709691e-02
-8.078707413372107626e-02
-8.138360321137891318e-02
-8.055479988536529135e-02
-7.847901654917463499e-02
-7.534112497521923413e-02
-7.133043069159428207e-02
-6.662301207753322518e-02
-6.135720971031029258e-02
-5.562811876767811969e-02
-4.949243171479354025e-02
-4.295826962371348395e-02
-3.597298422986770078e-02
-2.844434617915665361e-02
-2.029406448762842083e-02
-1.150566321011695439e-02
-2.144327697904198100e-03
7.647394717621224663e-03
1.767565855764553773e-02
2.773498365937859464e-02
3.763560981346495554e-02
4.719783717193709593e-02
5.621608234685324806e-02
6.442173179306998065e-02
7.148844849092041154e-02
7.709995451965566404e-02
8.104657445754810674e-02
8.328151050754131757e-02
8.389883862919476909e-02
8.306652563666858113e-02
8.097294251663661457e-02
7.780985781106153354e-02
7.377110102004980074e-02
6.903719221451529164e-02
6.375127403897293266e-02
5.801222852065200664e-02
5.187949369352693602e-02
4.536453925754401623e-02
3.841877934350829832e-02
3.095239710668245756e-02
2.288606852051055032e-02
1.419927370231335514e-02
4.950936389822946891e-03
-4.724136692845719472e-03
-1.463945849613590248e-02
-2.459484980446673824e-02
-3.440432609262004948e-02
-4.389329635618825082e-02
-5.286651099160825235e-02
-6.107197112675995937e-02
-6.820022504054305823e-02
-7.394127151891531635e-02
-7.807493556296313253e-02
-8.053238133967623169e-02
-8.138503914969150155e-02
-8.078408188400876266e-02
-7.890673295230930806e-02
-7.593685365216196193e-02
-7.206338545853910316e-02
-6.746614015869101255e-02
-6.229040592848880675e-02
-5.663750858250921755e-02
-5.057013308142357250e-02
-4.410547921849658493e-02
-3.720098621679617662e-02
-2.976836016642641150e-02
-2.172361851411343941e-02
-1.303830797920643540e-02
-3.764103949475965712e-03
5.967920252401785926e-03
1.596992110718368010e-02
2.603620549780617799e-02
3.597452412939708410e-02
4.560615394604158879e-02
5.473331860086830952e-02
6.309915598767149025e-02
7.038357274072727654e-02
7.626146315073650817e-02
8.049884028158349469e-02
8.302038632538023821e-02
8.390047611961928831e-02
8.329961942793467911e-02
8.140548486866046318e-02
7.840979638971400101e-02
7.450666927203457301e-02
6.988059279767572241e-02
6.468201632991889272e-02
5.901668297878933517e-02
5.295037742172497425e-02
4.650341765766508040e-02
3.963694108944582073e-02
3.226501547399011904e-02
2.430271058960587621e-02
1.571753397416713813e-02
6.555007279931622001e-03
-3.061248589027171577e-03
-1.295045020838424266e-02
-2.291192305654517550e-02
-3.275687389085145396e-02
-4.231129613583305832e-02
-5.138721186877980018e-02
-5.974401607383844626e-02
-6.707919726283559370e-02
-7.307612908213262370e-02
-7.749292576399646748e-02
-8.023341281650003820e-02
-8.134866074812073522e-02
-8.098097439277238130e-02
-7.930583630473514445e-02
-7.650660403741035842e-02
-7.277212223285869919e-02
-6.828577351343530222e-02
-6.320019287174247213e-02
-5.762393280060419676e-02
-5.162606515988752559e-02
-4.523235818691282578e-02
-3.841004187392713792e-02
-3.107529228982192429e-02
-2.313903729631217043e-02
-1.456080281453427626e-02
-5.378269978032523650e-03
4.289625109782592774e-03
1.426169043086335589e-02
2.433202343225643327e-02
3.430485205754826156e-02
4.400086801481645910e-02
5.322906516912678798e-02
6.174480769966137622e-02
6.923651418092123533e-02
7.537349921613291370e-02
7.989984234288322051e-02
8.271156012377074707e-02
8.386102363159930739e-02
8.349872212249501158e-02
8.181024973756573226e-02
7.898706510656143542e-02
7.522342786113347946e-02
7.070737783100354557e-02
6.559673839515536842e-02
6.000480278035460330e-02
5.400412443369349835e-02
4.762380505011545861e-02
4.083504497854635595e-02
3.355695093973916354e-02
2.570011663443884722e-02
1.722034302126029121e-02
8.149172213317486604e-03
-1.402178056596267621e-03
-1.126010420128283410e-02
-2.122415328135258961e-02
-3.110186349657984711e-02
-4.071773846053808321e-02
-4.988922930182385779e-02
-5.838712282653758107e-02
-6.591815583085901264e-02
-7.216256401869376724e-02
-7.685936602083004443e-02
-7.988522361226110813e-02
-8.126896637899337639e-02
-8.114180759998090853e-02
-7.967614173184428550e-02
-7.705432351707487693e-02
-7.346457019237095931e-02
-6.909298965141093263e-02
-6.409919323707077843e-02
-5.859930057113192647e-02
-5.266905525958766321e-02
-4.634288804146669688e-02
-3.959860369280345654e-02
-3.235858031740158902e-02
-2.453029121758818626e-02
-1.606183619531889595e-02
-6.976524778955768384e-03
2.619998297367560815e-03
1.255490977865741584e-02
2.262349058343023078e-02
3.262653095840763184e-02
4.238273475413893709e-02
5.170591011127086828e-02
6.036284789077563800e-02
6.805192606562494861e-02
7.443988013591190667e-02
7.925138172718075580e-02
8.235417445878386034e-02
8.377720902549830317e-02
8.365929026058616103e-02
8.218299310429462434e-02
7.953913254362825203e-02
7.592150955801989232e-02
7.152069830878741985e-02
6.650129540699969977e-02
6.098421070292677632e-02
5.504873406860862073e-02
4.873251777759531750e-02
4.201737465234679086e-02
3.482914856831011846e-02
2.707578900576526615e-02
1.870234787128420562e-02
9.726485388393928122e-03
2.463466612119445611e-04
-9.573133625300780936e-03
-1.953335044098901754e-02
-2.943887377695963287e-02
-3.911194755886379659e-02
-4.837366605794535257e-02
-5.700493945149646968e-02
-6.472249779286380622e-02
-7.120607652048221992e-02
-7.617825666842768795e-02
-7.948924760328213157e-02
-8.114443163677757809e-02
-8.126241531305045118e-02
-8.001176315221701640e-02
-7.757367249752515626e-02
-7.413527879317936831e-02
-6.988437199281274936e-02
-6.498679036705158618e-02
-5.956615277646609002e-02
-5.370464802824608669e-02
-4.744472982068567019e-02
-4.077488008565398336e-02
-3.362522261367543314e-02
-2.590181307130428809e-02
-1.754262150052610797e-02
-8.557018312839535096e-03
9.629458460299405390e-04
1.085396035964176359e-02
2.091394434500366481e-02
3.094107303127100264e-02
4.075173237266268428e-02
5.016330067427263173e-02
5.895305614355210444e-02
6.683012938522676916e-02
7.346122184315832804e-02
7.855409604384840094e-02
8.194865221558818302e-02
8.364883382418619728e-02
8.377997715882223861e-02
8.252091178148994455e-02
8.006190162999182736e-02
7.659615174672154692e-02
7.231595725123861340e-02
6.739204161335818344e-02
6.195293460854282147e-02
5.608450200870396252e-02
4.983222744483415539e-02
4.318834918414439505e-02
3.608665113434744720e-02
