1.025 1.0101510731850956 0.007007251343691467
Objective value without penalization is  159.8543509778572
Number of nonzeros in equality constraint Jacobian...:      147
Number of nonzeros in inequality constraint Jacobian.:        0
Number of nonzeros in Lagrangian Hessian.............:        0
Objective value without penalization is  159.85435097785492
Total number of variables............................:      147
Total number of equality constraints.................:        1
Total number of inequality constraints...............:        0
Objective value without penalization is  159.85435097785606
 0. 0. 0. 0. 0. 0. 0. 0. 0. 0. 0. 0. 0. 0. 0. 0. 0. 0. 0. 0. 0. 0. 0. 0.
 0. 0. 0.]
Objective value without penalization is  159.8543509778586
Objective value at iteration  0  is  159.8549867018114
iter    objective    inf_pr   inf_du lg(mu)  ||d||  lg(rg) alpha_du alpha_pr  ls
   0  1.5985499e+02 0.00e+00 3.89e+01   0.0 0.00e+00    -  0.00e+00 0.00e+00   0
  0.00825899  0.01168938  0.01443811  0.01704243  0.01948278  0.02173316
  0.02375966  0.02551914  0.02695748  0.02800836  0.02859152  0.02861239
  0.02796196  0.02652064  0.02416749  0.02080818  0.01531535  0.00645966
  0.00186486  0.00166132  0.00205136  0.00555417  0.01297603  0.01817865
  0.02172059  0.02449608  0.02662849  0.02825007  0.02947956  0.03041629
  0.03113985  0.03171195  0.03217853  0.03257244  0.0329158   0.03322205
  0.03349776  0.03090402  0.02256351  0.03128179  0.03427598  0.03436509
  0.03440033  0.03437718  0.03429284  0.03414676  0.03394076  0.03367927
  0.03336941  0.03302106  0.03264657  0.03226041  0.03187892  0.03151979
  0.03120162  0.03094329  0.03076346  0.03067972  0.03070813  0.03086276
  0.03115459  0.03159127  0.03217643  0.03290951  0.03378517  0.03479294
  0.03591704  0.03713617  0.03842359  0.03974691  0.04106855  0.04234597
  0.04353206  0.04457626  0.04542531  0.04602491  0.04632095  0.04626195
  0.04580088  0.04146349  0.03001688  0.03834514  0.0392905   0.03644481
  0.03314802  0.02945167  0.02542756  0.02116681  0.01677733  0.01237698
  0.0080788   0.0038364   0.00075105]
Objective value without penalization is  144.0178429395135
  0.00000000e+00  0.00000000e+00]
Objective value without penalization is  144.0178429395134
Objective value at iteration  1  is  145.15497578986847
   1  1.4515498e+02 1.56e-07 1.84e+01 -11.0 3.89e+01    -  1.00e+00 1.95e-03f 10
  5.62913025e-03  1.09651663e-02  1.60331630e-02  2.08288687e-02
  2.32804922e-02  2.06892984e-02  3.12092804e-02  3.73136222e-02
  4.07747589e-02  4.39697638e-02  4.68867127e-02  4.95027770e-02
  5.17810145e-02  5.36672476e-02  5.50866133e-02  5.59409353e-02
  5.61058228e-02  5.54300566e-02  5.37359590e-02  5.08260689e-02
  4.64986693e-02  4.05920680e-02  2.91724737e-02  3.70092631e-03
  1.80549484e-02  2.96442711e-02  3.66906491e-02  4.23845407e-02
  4.69111407e-02  5.04812203e-02  5.32854620e-02  5.54815967e-02
  5.71929299e-02  5.85114855e-02  5.95023471e-02  6.02089897e-02
  6.06581996e-02  6.08645205e-02  6.08341676e-02  5.55050727e-02
  3.99071351e-02  5.43159920e-02  5.83514147e-02  5.71423352e-02
  5.57078874e-02  5.40611112e-02  5.22209697e-02  5.02124492e-02
  4.80661773e-02  4.58178589e-02  4.35076214e-02  4.11792096e-02
  3.88784709e-02  3.66518469e-02  3.45451636e-02  3.26022772e-02
  3.08637091e-02  2.93656676e-02  2.81391313e-02  2.72087108e-02
  2.65924009e-02  2.63016054e-02  2.63400900e-02  2.67046122e-02
  2.73848820e-02  2.83642251e-02  2.96195338e-02  3.11216553e-02
  3.28356087e-02  3.47209227e-02  3.67318389e-02  3.88171607e-02
  4.09206741e-02  4.29811871e-02  4.49326565e-02  4.67053213e-02
  4.82262437e-02  4.94213361e-02  5.02167948e-02  5.05424789e-02
  5.03346039e-02  4.57453052e-02  3.31857683e-02  4.23896270e-02
  4.33337615e-02  4.00010995e-02  3.61080352e-02  3.17435999e-02
  2.70286085e-02  2.21129243e-02  1.71692415e-02  1.23777587e-02
  7.89517579e-03  3.66247002e-03  6.88619063e-04]
Objective value without penalization is  133.18919128525903
 3.09928989e-06 7.56467877e-05]
 0.00000000e+00 0.00000000e+00]
Objective value without penalization is  133.18919128525894
Objective value at iteration  2  is  135.49994329672936
   2  1.3549994e+02 7.90e-07 7.23e+00 -11.0 8.27e-02    -  1.00e+00 5.00e-01f  2
  0.01036726  0.01542761  0.02022147  0.02474398  0.02665893  0.02304439
  0.03406206  0.04013593  0.043323    0.04624401  0.0488877   0.0512321
  0.0532413   0.05486228  0.05602136  0.05662153  0.05653946  0.05562483
  0.05370057  0.0505695   0.04602973  0.03991898  0.02836218  0.00305042
  0.03805785  0.04355441  0.0478431   0.05114558  0.05366156  0.05555604
  0.05695798  0.05796361  0.05864096  0.0590354   0.05917471  0.05907377
  0.05873856  0.05332033  0.03811269  0.05155249  0.05504563  0.05353149
  0.05178918  0.04983114  0.04767608  0.0453491   0.0428813   0.04030925
  0.03767434  0.03502194  0.03239991  0.02985702  0.02744174  0.0252008
  0.02317786  0.02141238  0.01993873  0.01878491  0.0179723   0.01751551
  0.01742134  0.01768923  0.01831119  0.01927234  0.02055082  0.02211812
  0.02393922  0.02597295  0.0281722   0.03048382  0.03284909  0.03520389
  0.03747884  0.03960061  0.04149253  0.04307672  0.04427558  0.04501528
  0.04522845  0.04141029  0.03024931  0.03886868  0.03991536  0.03699017
  0.03349321  0.02951103  0.02516233  0.02059531  0.01598182  0.01150281
  0.00731836  0.00338723  0.00063776]
Objective value without penalization is  130.71688437190875
 3.15286432e-06 6.41952540e-05]
Objective value without penalization is  130.71688437190863
Objective value at iteration  3  is  132.73010315151564
   3  1.3273010e+02 1.47e-09 5.29e+00 -11.0 9.09e-03    -  1.00e+00 1.00e+00f  1   3  1.3273010e+02 1.47e-09 5.29e+00 -11.0 9.09e-03    -  1.00e+00 1.00e+00f  1
   3  1.3273010e+02 1.47e-09 5.29e+00 -11.0 9.09e-03    -  1.00e+00 1.00e+00f  1
  0.02982222  0.03448077  0.03890557  0.04307725  0.04330444  0.03536536
  0.0499958   0.05696709  0.05969702  0.06211327  0.06420111  0.06593657
  0.06728203  0.0681817   0.06855638  0.06829935  0.06727187  0.06530165
  0.06218244  0.05768118  0.05155469  0.04359814  0.03100955  0.00970162
  0.05412188  0.060002    0.06418124  0.06695229  0.06858289  0.06929855
  0.06927936  0.0686632   0.06755082  0.06601269  0.06409582  0.06183009
  0.05923417  0.05172668  0.03527721  0.04527097  0.04578154  0.04171619
  0.03741013  0.03289448  0.02820777  0.02339569  0.01851016  0.01360827
  0.00875117  0.00400288 -0.00057156 -0.00490785 -0.00894367 -0.01262015
  0.00981538  0.01378139  0.017516    0.02091891  0.02389138  0.02634036
  0.02818189  0.02704378  0.02053345  0.02714856  0.02837241  0.02656571
  0.02410532  0.02110238  0.01770908  0.01411578  0.01054305  0.00721982
  0.00433796  0.00190079  0.00034124]
Objective value without penalization is  126.37680535221902
Objective value without penalization is  126.37680535221904
Objective value at iteration  4  is  127.92027841942644
   4  1.2792028e+02 1.70e-07 1.76e+00 -11.0 4.21e-02    -  1.00e+00 1.00e+00f  1
  0.00469882  0.01067294  0.01661084  0.02247705  0.0282326   0.03383599
  0.03924407  0.0444145   0.04930664  0.05388393  0.05359104  0.04331245
  0.06063997  0.0684989   0.07114152  0.07335857  0.07514045  0.07647167
  0.07732523  0.07765649  0.07739596  0.07644335  0.07466141  0.07187315
  0.06786049  0.0623712   0.05513565  0.04591602  0.03234684  0.01245889
  0.00233189  0.0008124   0.00182705  0.01665022  0.04210933  0.05625262
  0.06447169  0.07045633  0.07452112  0.07700518  0.07821526  0.07840788
  0.07778596  0.0765023   0.07466554  0.07234852  0.06959685  0.06643734
  0.0628858   0.05418343  0.03630893  0.04560674  0.04501956  0.0397387
  0.03419794  0.02844577  0.02253926  0.01654276  0.01052601  0.00456224
  0.00224263  0.0069164   0.01135245  0.01544308  0.01908246  0.02217083
  0.02461784  0.02425697  0.01882288  0.02531216  0.02677622  0.02532417
  0.02315757  0.02038772  0.01717011  0.01370238  0.01021726  0.0069611
  0.00414657  0.00180209  0.00032547]
Objective value without penalization is  125.83689686906459
Objective value without penalization is  125.83689686906462
Objective value at iteration  5  is  127.60849556284178
   5  1.2760850e+02 7.67e-08 6.31e-01 -11.0 1.42e-02    -  1.00e+00 1.00e+00f  1
  0.00607817  0.01197506  0.01780896  0.02354686  0.02915269  0.0345882
  0.03981377  0.04479074  0.04948222  0.0538554   0.05338371  0.0430102
  0.06005441  0.067691    0.07016495  0.07223028  0.07388059  0.07510371
  0.07587608  0.07615666  0.07587983  0.0749492   0.07323143  0.07055286
  0.06669754  0.06141267  0.0544228   0.04547331  0.03246447  0.01424449
  0.00561124  0.00435009  0.00509451  0.01862309  0.04270756  0.05643308
  0.06447315  0.0702881   0.07420062  0.07654971  0.07763875  0.07772004
  0.07699249  0.07560562  0.07366579  0.07124457  0.06838734  0.06512158
  0.06146454  0.05279154  0.03523189  0.0440365   0.04323187  0.0378879
  0.03230155  0.0265241   0.02061514  0.01464116  0.00867365  0.00278704
  0.00454581  0.00907615  0.01334353  0.01724609  0.02068451  0.02356594
  0.02580718  0.02517915  0.01938117  0.02590252  0.02728511  0.02572298
  0.02347449  0.02064922  0.01739828  0.01391223  0.01041416  0.00713893
  0.00428798  0.00188137  0.00034347]
Objective value without penalization is  125.80670712270688
Objective value at iteration  6  is  127.5706994033439
   6  1.2757070e+02 6.83e-09 5.76e-01 -11.0 3.54e-03    -  1.00e+00 1.00e+00f  1
  0.01665706  0.02164767  0.02639323  0.0308847   0.0351126   0.03906692
  0.04273713  0.04611374  0.04918831  0.05195529  0.0502327   0.03953107
  0.05407918  0.0599657   0.061246    0.06226663  0.06304444  0.06359193
  0.06391164  0.06398979  0.06378805  0.06323567  0.06222059  0.06058151
  0.05809881  0.05448807  0.04939187  0.04237716  0.0341437   0.03263347
  0.04005552  0.0419775   0.04036053  0.04195269  0.05404668  0.06487394
  0.07208932  0.07701745  0.08005687  0.08155388  0.08179196  0.08099475
  0.0793327   0.07693107  0.07387891  0.07023854  0.06605454  0.0613621
  0.05619443  0.04659116  0.02962187  0.03477081  0.03163507  0.02481896
  0.01788494  0.01092458  0.00403536 -0.00268202 -0.00912635 -0.01519886
  0.02251736  0.0262816   0.02953951  0.03223073  0.03430417  0.03572017
  0.03645169  0.0336738   0.02470636  0.03175989  0.03252974  0.02999244
  0.02696419  0.02354866  0.01987138  0.0160769   0.01232298  0.00876507
  0.00552441  0.00255904  0.00049957]
Objective value without penalization is  125.52134280671754
  0.        ]
Objective value without penalization is  125.52134280671756
Objective value at iteration  7  is  127.45083343942702
   7  1.2745083e+02 4.87e-07 5.94e-01 -11.0 3.76e-02    -  1.00e+00 1.00e+00f  1
  0.01869911  0.02360282  0.02825824  0.03265718  0.03679133  0.04065207
  0.0442303   0.04751796  0.05050771  0.05319479  0.05131246  0.04029623
  0.05502759  0.06092985  0.06214677  0.06310335  0.06381543  0.06429492
  0.06454398  0.06454843  0.06426908  0.06363332  0.06252559  0.06077873
  0.05816395  0.05438312  0.04905826  0.04172438  0.03385488  0.03623319
  0.04835623  0.05168313  0.05011688  0.05008423  0.06043216  0.07089188
  0.07799034  0.08273895  0.08557607  0.08686705  0.08690319  0.08590913
  0.08405184  0.08145016  0.07818494  0.07430966  0.06986029  0.06486437
  0.05934915  0.04913684  0.03115868  0.0364167   0.03291541  0.02551969
  0.01797373  0.0103786   0.00284264 -0.00452157 -0.0116003  -0.01828199
  0.02199891  0.02623159  0.02993421  0.03303903  0.03548836  0.03723687
  0.03825286  0.03554235  0.02623144  0.03391561  0.03492423  0.03238821
  0.0292996   0.02576168  0.02190098  0.01786518  0.01381806  0.0099242
  0.00631575  0.00295545  0.00058713]
Objective value without penalization is  125.3180872167403
Objective value without penalization is  125.31808721674022
Objective value at iteration  8  is  127.41430053801346
   8  1.2741430e+02 2.37e-08 1.15e-01 -11.0 9.76e-03    -  1.00e+00 1.00e+00f  1
  0.01813044  0.02296604  0.02754566  0.03186325  0.0359129   0.03968867
  0.04318424  0.04639438  0.04931449  0.05194236  0.05011266  0.03936618
  0.05378177  0.05958422  0.06081981  0.06181258  0.06257795  0.06312696
  0.0634606   0.06356325  0.0633942   0.06287924  0.06190128  0.06029168
  0.05782019  0.05418698  0.04901161  0.04182452  0.03406528  0.03638806
  0.04834656  0.05161591  0.05002072  0.04985145  0.06002886  0.07043726
  0.07754355  0.0823353   0.08525124  0.08665326  0.08682739  0.08599222
  0.08430848  0.08188893  0.07880873  0.07511616  0.07084247  0.06601108
  0.06064561  0.05044039  0.03218152  0.03791251  0.03461     0.02725552
  0.01972654  0.01212493  0.00456061 -0.00285155 -0.00999481 -0.01675402
  0.02302364  0.02725195  0.0309447   0.03403365  0.03646075  0.03818052
  0.03916141  0.03634427  0.02679775  0.03462391  0.03563965  0.03304622
  0.02989802  0.02629867  0.02237463  0.01827301  0.01415655  0.01018837
  0.006499    0.0030481   0.00060689]
Objective value without penalization is  125.29502846285416
Objective value without penalization is  125.2950284628541
Objective value at iteration  9  is  127.40895505687443
   9  1.2740896e+02 8.38e-11 4.86e-02 -11.0 1.77e-03    -  1.00e+00 1.00e+00f  1
  0.01818536  0.02297345  0.02750662  0.03177963  0.03578742  0.03952487
  0.04298642  0.04616746  0.04906391  0.05167389  0.04985363  0.03916601
  0.05351658  0.05930237  0.06054779  0.06155462  0.06233764  0.06290719
  0.06326356  0.06339045  0.06324643  0.06275665  0.06180336  0.0602173
  0.05776759  0.05415365  0.04899384  0.04181622  0.03413916  0.03688019
  0.04928206  0.05266022  0.05102168  0.05052341  0.06032749  0.07061297
  0.07766301  0.08240654  0.08528711  0.08666793  0.08683452  0.08600386
  0.08433452  0.08193669  0.07888282  0.07521839  0.07097199  0.0661645
  0.06081733  0.05060739  0.03230389  0.03807359  0.03476795  0.02738479
  0.01981746  0.01216898  0.00455083 -0.00292012 -0.01012488 -0.01694581
  0.02333614  0.02761014  0.03134476  0.03447063  0.03692868  0.03867251
  0.03966986  0.03682095  0.02715433  0.03509308  0.03613281  0.03351598
  0.03033733  0.02670098  0.02273387  0.01858359  0.01441338  0.01038688
  0.00663495  0.00311648  0.00062191]
Objective value without penalization is  125.28360310417277
Objective value without penalization is  125.28360310417268
Objective value at iteration  10  is  127.4083815653427
  10  1.2740838e+02 2.09e-10 4.41e-02 -11.0 1.04e-03    -  1.00e+00 1.00e+00f  1
  0.01751377  0.02204718  0.02635235  0.03042786  0.03427227  0.03788359
  0.04125866  0.04439448  0.04728753  0.0499354   0.04831377  0.0380853
  0.05222818  0.05807755  0.05951934  0.06073703  0.06173741  0.06252236
  0.06308335  0.06339523  0.06340823  0.06304019  0.0621678   0.06061883
  0.058163    0.05450501  0.04927435  0.04201751  0.03420722  0.03654291
  0.04852549  0.05182874  0.05023586  0.04963435  0.05895723  0.06877163
  0.07545966  0.07994433  0.08268499  0.08404819  0.0843151   0.08369331
  0.08232851  0.0803155   0.07770958  0.07453785  0.07080968  0.06652659
  0.0616908   0.05182844  0.03348923  0.0400615   0.03721562  0.03004153
  0.02259303  0.01497106  0.00728892 -0.00033109 -0.00776124 -0.01487229
  0.02276651  0.02742718  0.03156704  0.03510297  0.03796098  0.04007964
  0.04141247  0.0386805   0.02870363  0.03731026  0.03860733  0.03599031
  0.03273608  0.02895257  0.02477329  0.02035502  0.01587263  0.01150276
  0.00738818  0.00348919  0.000702  ]
Objective value without penalization is  125.29549974537362
  0.0000000e+00  0.0000000e+00]
Objective value without penalization is  125.29549974537365
Objective value at iteration  11  is  127.40800364601384
  11  1.2740800e+02 2.95e-10 7.01e-02 -11.0 4.52e-03    -  1.00e+00 1.00e+00f  1
  0.01786252  0.02248675  0.02688172  0.03104558  0.03497622  0.03867072
  0.0421248   0.04533412  0.04829376  0.05099989  0.04934149  0.03888946
  0.05331699  0.05926741  0.06070975  0.06191521  0.06289098  0.06363961
  0.0641535   0.06440867  0.0643566   0.06391634  0.06296571  0.0613333
  0.05878921  0.0550378   0.04970723  0.04234108  0.03455743  0.03757063
  0.05034974  0.05381848  0.05208909  0.05094255  0.05981292  0.06956412
  0.07623489  0.08065993  0.08330494  0.08454256  0.08465983  0.08387
  0.08232414  0.08012214  0.07732396  0.07396103  0.07004667  0.06558594
  0.0605843   0.05068217  0.03256492  0.0386774   0.03561665  0.02837222
  0.020877    0.01323234  0.00555139 -0.00204425 -0.00942805 -0.0164724
  0.02413131  0.02879221  0.03291807  0.03642664  0.03924492  0.04131255
  0.04258416  0.03969954  0.02940971  0.03817353  0.03945765  0.03674809
  0.03339944  0.02952128  0.02524876  0.02074029  0.0161722   0.011722
  0.00753208  0.00355753  0.00071428]
Objective value without penalization is  125.25071354241834
Objective value without penalization is  125.25071354241827
Objective value at iteration  12  is  127.40727950180978
  12  1.2740728e+02 1.89e-10 2.21e-02 -11.0 1.99e-03    -  1.00e+00 1.00e+00f  1
  0.01746071  0.02210623  0.02652222  0.03070567  0.03465338  0.03836152
  0.04182513  0.04503945  0.04799942  0.05070131  0.04905803  0.03866649
  0.0530078   0.05891702  0.06034184  0.06153007  0.06249004  0.06322549
  0.06372993  0.06398035  0.06392905  0.06349559  0.06255787  0.06094404
  0.05842308  0.0546976   0.04939354  0.04205259  0.0342513   0.03708026
  0.04968172  0.05313849  0.05149211  0.05069763  0.05999425  0.0699522
  0.07676501  0.08131748  0.0840668   0.08538216  0.08555006  0.08478497
  0.08324033  0.08101912  0.07818494  0.07477312  0.07080104  0.06627783
  0.06121281  0.05120475  0.03290581  0.03910272  0.03604649  0.02877703
  0.02126859  0.01362216  0.00594973 -0.0016289  -0.0089896  -0.01600761
  0.02335298  0.02796822  0.03205445  0.0355307   0.03832528  0.04037906
  0.04164766  0.03884281  0.02878352  0.03736646  0.03862368  0.03596653
  0.03267926  0.0288704   0.02467411  0.02024797  0.01576765  0.01141039
  0.00731883  0.0034509   0.00069168]
Objective value without penalization is  125.26823387619808
Objective value without penalization is  125.26823387619814
Objective value at iteration  13  is  127.40690120136702
  13  1.2740690e+02 1.91e-10 8.26e-03 -11.0 1.43e-03    -  1.00e+00 1.00e+00f  1
  0.01759981  0.02223266  0.02663467  0.03080311  0.03473507  0.03842699
  0.04187416  0.04507206  0.04801579  0.05070181  0.04904483  0.03864577
  0.05296685  0.05886007  0.06027259  0.06144956  0.06239949  0.06312626
  0.06362362  0.06386879  0.06381438  0.06338026  0.06244466  0.06083606
  0.05832372  0.0546104   0.04932197  0.04199952  0.03422552  0.0371018
  0.04972822  0.05317946  0.05152135  0.05070513  0.05997874  0.06992527
  0.07673104  0.08127823  0.0840239   0.08533686  0.08550319  0.08473697
  0.08319129  0.08096887  0.07813311  0.0747192   0.07074447  0.066218
  0.06114917  0.05114269  0.03285752  0.03903134  0.03596364  0.028689
  0.02117551  0.0135243   0.0058475  -0.00173494 -0.00909874 -0.01611901
  0.02349682  0.02811891  0.0322109   0.03569162  0.03848919  0.04054424
  0.04181223  0.03899234  0.02889195  0.037505    0.03876556  0.03609811
  0.03279915  0.02897749  0.02476759  0.02032726  0.01583234  0.01146006
  0.00735286  0.00346784  0.00069511]
Objective value without penalization is  125.2664073986131
Objective value without penalization is  125.266407398613
Objective value at iteration  14  is  127.40688148288085
  14  1.2740688e+02 3.67e-12 5.79e-04 -11.0 2.39e-04    -  1.00e+00 1.00e+00f  1
Number of Iterations....: 14
Objective...............:   1.2740688148288085e+02    1.2740688148288085e+02
Dual infeasibility......:   5.7923082371003770e-04    5.7923082371003770e-04
Constraint violation....:   3.6715543799692441e-12    3.6715543799692441e-12
Variable bound violation:   0.0000000000000000e+00    0.0000000000000000e+00
Complementarity.........:   0.0000000000000000e+00    0.0000000000000000e+00
Overall NLP error.......:   4.0306065261939554e-04    5.7923082371003770e-04
Number of objective function evaluations             = 15
Number of objective gradient evaluations             = 15
Number of equality constraint evaluations            = 27
Number of inequality constraint evaluations          = 0
Number of equality constraint Jacobian evaluations   = 15
Number of inequality constraint Jacobian evaluations = 0
Number of Lagrangian Hessian evaluations             = 0
Total seconds in IPOPT                               = 131905.613
EXIT: Optimal Solution Found.
